1.170282717794179916e-02
1.102734450250864029e-02
9.895887225866317749e-03
8.840651251375675201e-03
8.063750341534614563e-03
7.435496896505355835e-03
6.919779814779758453e-03
6.267406977713108063e-03
5.640193819999694824e-03
5.085817072540521622e-03
4.635900259017944336e-03
4.267540294677019119e-03
3.963062074035406113e-03
3.708579577505588531e-03
3.493327414616942406e-03
3.309067105874419212e-03
3.149625146761536598e-03
3.010361222550272942e-03
2.887788228690624237e-03
2.779219998046755791e-03
2.682573394849896431e-03
2.596183214336633682e-03
2.518690191209316254e-03
2.448971383273601532e-03
2.386088948696851730e-03
2.329234732314944267e-03
2.277703024446964264e-03
2.230899408459663391e-03
2.188306534662842751e-03
2.149448962882161140e-03
2.113930881023406982e-03
2.081386744976043701e-03
2.051500603556632996e-03
2.023995853960514069e-03
1.998613588511943817e-03
1.975137973204255104e-03
1.953358761966228485e-03
1.933099469169974327e-03
1.903511234559118748e-03
1.856828341260552406e-03
1.812426722608506680e-03
1.770120463334023952e-03
1.729739597067236900e-03
1.691122539341449738e-03
1.654142630286514759e-03
1.618662034161388874e-03
1.584561192430555820e-03
1.551729161292314529e-03
1.520073856227099895e-03
1.489499816671013832e-03
1.445217989385128021e-03
1.401441521011292934e-03
1.359380315989255905e-03
1.318950322456657887e-03
1.280074822716414928e-03
