3.580585867166519165e-02
3.092646040022373199e-02
2.687386423349380493e-02
2.357960864901542664e-02
2.091485075652599335e-02
1.873604021966457367e-02
1.691577397286891937e-02
1.533920038491487503e-02
1.391039136797189713e-02
1.256253849714994431e-02
1.126183476299047470e-02
1.000300608575344086e-02
8.799578063189983368e-03
7.673567160964012146e-03
6.647045724093914032e-03
5.736154969781637192e-03
4.947833251208066940e-03
4.279160872101783752e-03
3.719207132235169411e-03
3.252497408539056778e-03
2.862791996449232101e-03
2.535786014050245285e-03
2.260296139866113663e-03
2.028056420385837555e-03
1.832795795053243637e-03
1.669141929596662521e-03
1.531694666482508183e-03
1.414447091519832611e-03
1.310770632699131966e-03
1.214107265695929527e-03
1.118958345614373684e-03
1.021898817270994186e-03
9.220585343427956104e-04
8.208916406147181988e-04
7.213591015897691250e-04
6.267428398132324219e-04
5.395188345573842525e-04
4.607731825672090054e-04
3.902968892361968756e-04
3.273518523201346397e-04
2.715656883083283901e-04
2.234611165476962924e-04
1.843212521634995937e-04
1.554743794258683920e-04
1.374343555653467774e-04
1.293590466957539320e-04
1.290954241994768381e-04
1.338106521870940924e-04
1.408568350598216057e-04
1.484538661316037178e-04
1.558678050059825182e-04
1.630831102374941111e-04
1.701894652796909213e-04
1.768754009390249848e-04
1.822654739953577518e-04
1.851891283877193928e-04
1.846716040745377541e-04
1.803839550120756030e-04
1.728104398353025317e-04
1.630687329452484846e-04
1.524987310403957963e-04
1.422342029400169849e-04
1.329465740127488971e-04
1.248355983989313245e-04
1.178266757051460445e-04
1.117875144700519741e-04
1.066841432475484908e-04
1.025778256007470191e-04
9.952762047760188580e-05
9.747389412950724363e-05
9.619919001124799252e-05
9.538042650092393160e-05
9.469634096603840590e-05
9.393385698786005378e-05
9.301261161454021931e-05
9.195855091093108058e-05
9.083026088774204254e-05
8.966620225692167878e-05
8.847159188007935882e-05
8.723751670913770795e-05
8.598172280471771955e-05
8.475549839204177260e-05
8.362541848327964544e-05
8.264247298939153552e-05
8.180933218682184815e-05
8.108727342914789915e-05
8.041616820264607668e-05
7.975404878379777074e-05
7.909056876087561250e-05
7.845004438422620296e-05
7.786139758536592126e-05
7.733528036624193192e-05
7.685172749916091561e-05
7.637329690624028444e-05
7.586202991660684347e-05
7.530149741796776652e-05
7.469725824194028974e-05
7.407135126413777471e-05
7.344512414420023561e-05
7.282816659426316619e-05
7.221875421237200499e-05
7.161231769714504480e-05
7.100986840669065714e-05
7.041943172225728631e-05
6.985382788116112351e-05
6.932215910637751222e-05
6.882556044729426503e-05
6.835570820840075612e-05
6.790198676753789186e-05
6.745368591509759426e-05
6.700605445075780153e-05
6.655592733295634389e-05
6.610275158891454339e-05
6.564471550518646836e-05
6.518085865536704659e-05
6.471166125265881419e-05
6.424079765565693378e-05
6.377197132678702474e-05
6.330978067126125097e-05
6.285618292167782784e-05
6.241167284315451980e-05
6.197422044351696968e-05
6.154336733743548393e-05
6.111823313403874636e-05
6.069956725696101785e-05
6.028651114320382476e-05
5.987835174892097712e-05
5.947369936620816588e-05
5.906923615839332342e-05
5.866553692612797022e-05
5.826330379932187498e-05
5.786295514553785324e-05
5.746462556999176741e-05
5.706935189664363861e-05
5.667583900503814220e-05
5.628415965475142002e-05
5.589516513282433152e-05
5.550833520828746259e-05
5.512415737030096352e-05
5.474370846059173346e-05
5.436669016489759088e-05
5.399224392022006214e-05
5.362128285923972726e-05
5.325303573044948280e-05
5.288785177981480956e-05
5.252523988019675016e-05
5.216527642915025353e-05
5.180805965210311115e-05
5.145284012542106211e-05
5.110002530273050070e-05
5.074988075648434460e-05
5.040197720518335700e-05
5.005667844670824707e-05
4.971369344275444746e-05
4.937346966471523046e-05
4.903576336801052094e-05
4.870060001849196851e-05
4.836823427467606962e-05
4.803764750249683857e-05
4.771006933879107237e-05
4.738455754704773426e-05
4.706107938545756042e-05
4.674015144701115787e-05
4.642126441467553377e-05
4.610477481037378311e-05
4.579073356580920517e-05
4.547875869320705533e-05
4.516896296991035342e-05
4.486146281124092638e-05
4.455693488125689328e-05
4.425357110449112952e-05
4.395375799504108727e-05
4.365485801827162504e-05
4.335878838901408017e-05
4.306542177801020443e-05
4.277355401427485049e-05
4.248405821272172034e-05
4.219702896079979837e-05
4.191197149339132011e-05
4.162876575719565153e-05
4.134792834520339966e-05
4.106937922188080847e-05
4.079217251273803413e-05
4.051806536153890193e-05
4.024522422696463764e-05
3.997545354650355875e-05
3.970683610532432795e-05
3.944044146919623017e-05
3.917636058758944273e-05
3.891379674314521253e-05
3.865344115183688700e-05
3.839530108962208033e-05
3.813943840214051306e-05
3.788518370129168034e-05
3.763298082049004734e-05
3.738247687579132617e-05
3.713429032359272242e-05
3.688774449983611703e-05
3.664326504804193974e-05
3.640059730969369411e-05
3.615994864958338439e-05
3.592124994611367583e-05
3.568384272512048483e-05
3.544926221366040409e-05
3.521616235957480967e-05
3.498482692521065474e-05
3.475506309769116342e-05
3.452751479926519096e-05
3.430145443417131901e-05
3.407784606679342687e-05
3.385530362720601261e-05
3.363511495990678668e-05
3.341599949635565281e-05
3.319909228594042361e-05
3.298421506769955158e-05
3.277079304098151624e-05
3.255904084653593600e-05
3.234897303627803922e-05
3.214036405552178621e-05
3.193422162439674139e-05
3.172918513882905245e-05
3.152611316181719303e-05
3.132453275611624122e-05
3.112480771960690618e-05
3.092656334047205746e-05
3.072968320338986814e-05
3.053491673199459910e-05
3.034149085578974336e-05
3.014990579686127603e-05
2.995968134200666100e-05
2.977128679049201310e-05
2.958378900075331330e-05
2.939866863016504794e-05
2.921497434726916254e-05
2.903277527366299182e-05
2.885158392018638551e-05
2.867247530957683921e-05
2.849457268894184381e-05
2.831861820595804602e-05
2.814372055581770837e-05
2.797076558636035770e-05
2.779850183287635446e-05
2.762833537417463958e-05
2.745942038018256426e-05
2.729186235228553414e-05
2.712608511501457542e-05
2.696143019420560449e-05
2.679848512343596667e-05
2.663642590050585568e-05
2.647589644766412675e-05
2.631723691592924297e-05
2.615967787278350443e-05
2.600316838652361184e-05
2.584804133221041411e-05
2.569500065874308348e-05
2.554259117459878325e-05
2.539151500968728215e-05
2.524212504795286804e-05
2.509386467863805592e-05
2.494705404387786984e-05
2.480117836967110634e-05
2.465674879204016179e-05
2.451363252475857735e-05
2.437183866277337074e-05
2.423122714390046895e-05
2.409183616691734642e-05
2.395359842921607196e-05
2.381682134000584483e-05
2.368100831517949700e-05
2.354625212319660932e-05
2.341310027986764908e-05
2.328105983906425536e-05
2.314988523721694946e-05
2.301990934938658029e-05
2.289145777467638254e-05
2.276407030876725912e-05
2.263745955133344978e-05
2.251219484605826437e-05
2.238823981315363199e-05
2.226519427495077252e-05
2.214341657236218452e-05
2.202251380367670208e-05
2.190260602219495922e-05
2.178413524234201759e-05
2.166651211155112833e-05
2.154970388801302761e-05
2.143451092706527561e-05
2.131985093001276255e-05
2.120650060533080250e-05
2.109392517013475299e-05
2.098259028571192175e-05
2.087226130242925137e-05
2.076273631246294826e-05
2.065445005428045988e-05
2.054691140074282885e-05
2.044060965999960899e-05
2.033503733400721103e-05
2.023042361543048173e-05
2.012693948927335441e-05
2.002395922318100929e-05
1.992225406866054982e-05
1.982154390134382993e-05
1.972151949303224683e-05
1.962271016964223236e-05
1.952429920493159443e-05
1.942713060998357832e-05
1.933081875904463232e-05
1.923550371429882944e-05
1.914068525366019458e-05
1.904700548038817942e-05
1.895388777484185994e-05
1.886215613922104239e-05
1.877101749414578080e-05
1.868044091679621488e-05
1.859086114563979208e-05
1.850213084253482521e-05
1.841422454162966460e-05
1.832685848057735711e-05
1.824057108024135232e-05
1.815480572986416519e-05
1.807018816180061549e-05
1.798576158762443811e-05
1.790253008948639035e-05
1.781983337423298508e-05
1.773808617144823074e-05
1.765695742506068200e-05
1.757673635438550264e-05
1.749698822095524520e-05
1.741773849062155932e-05
1.733964199956972152e-05
1.726192385831382126e-05
1.718524254101794213e-05
1.710883771011140198e-05
1.703370799077674747e-05
1.695894570730160922e-05
1.688463999016676098e-05
1.681110734352841973e-05
1.673852784733753651e-05
1.666627395024988800e-05
1.659457484493032098e-05
1.652377068239729851e-05
1.645348856982309371e-05
1.638378671486862004e-05
1.631472696317359805e-05
1.624628748686518520e-05
1.617837733647320420e-05
1.611114566912874579e-05
1.604447970748879015e-05
1.597830123500898480e-05
1.591286127222701907e-05
1.584799065312836319e-05
1.578347837494220585e-05
1.571993743709754199e-05
1.565672755532432348e-05
1.559376687509939075e-05
1.553179390612058342e-05
1.547013198432978243e-05
1.540905941510573030e-05
1.534827606519684196e-05
1.528828579466789961e-05
1.522841284895548597e-05
1.516963129688519984e-05
1.511111713625723496e-05
1.505305135651724413e-05
1.499552945460891351e-05
1.493842319177929312e-05
1.488171528762904927e-05
1.482581046730047092e-05
1.476995657867519185e-05
1.471488030801992863e-05
1.466007324779639021e-05
1.460586645407602191e-05
1.455184428778011352e-05
1.449870887881843373e-05
1.444559075025608763e-05
1.439323659724323079e-05
1.434108162357006222e-05
1.428944324288750067e-05
1.423806861566845328e-05
1.418718056811485440e-05
1.413713835063390434e-05
1.408707794325891882e-05
1.403730220772558823e-05
1.398805761709809303e-05
1.393926595483208075e-05
1.389093267789576203e-05
1.384278220939449966e-05
1.379517107125138864e-05
1.374770181428175420e-05
1.370081554341595620e-05
1.365455591439967975e-05
1.360816531814634800e-05
1.356238499283790588e-05
1.351678383798571303e-05
1.347177294519497082e-05
1.342693849437637255e-05
1.338248330284841359e-05
1.333831914962502196e-05
1.329449150944128633e-05
1.325110770267201588e-05
1.320799128734506667e-05
1.316526777372928336e-05
1.312286258325912058e-05
1.308041828451678157e-05
1.303876524616498500e-05
1.299726773140719160e-05
1.295585752814076841e-05
1.291533590119797736e-05
1.287434133701026440e-05
1.283417441300116479e-05
1.279403022635960951e-05
1.275433442060602829e-05
1.271474866371136159e-05
1.267552124772919342e-05
1.263656668015755713e-05
1.259803411812754348e-05
1.255924235010752454e-05
1.252125457540387288e-05
1.248341959581011906e-05
1.244585655513219535e-05
1.240842721017543226e-05
1.237141623278148472e-05
1.233477814821526408e-05
1.229792451340472326e-05
1.226176482305163518e-05
1.222571700054686517e-05
1.218981105921557173e-05
1.215406155097298324e-05
1.211859307659324259e-05
1.208371850225375965e-05
1.204872478410834447e-05
1.201400027639465407e-05
1.197954497911268845e-05
1.194520245917374268e-05
1.191125375044066459e-05
1.187722864415263757e-05
1.184381744678830728e-05
1.181052175525110215e-05
1.177709327748743817e-05
1.174421322502894327e-05
1.171134044852806255e-05
1.167882692243438214e-05
1.164636341854929924e-05
1.161401996796485037e-05
1.158207214757567272e-05
1.155039626610232517e-05
1.151876404037466273e-05
1.148739738709991798e-05
1.145606984209734946e-05
1.142501241702120751e-05
1.139402593253180385e-05
1.136337959906086326e-05
1.133296609623357654e-05
1.130252985603874549e-05
1.127232189901405945e-05
1.124226764659397304e-05
1.121246259572217241e-05
1.118277396017219871e-05
1.115322538680629805e-05
1.112386598833836615e-05
1.109486674977233633e-05
1.106574200093746185e-05
1.103684280678862706e-05
1.100832014344632626e-05
1.097965559893054888e-05
1.095110565074719489e-05
1.092281308956444263e-05
1.089474881155183539e-05
1.086683278117561713e-05
1.083897041098680347e-05
1.081129630620125681e-05
1.078365494322497398e-05
1.075630916602676734e-05
1.072891245712526143e-05
1.070188045559916645e-05
1.067482389771612361e-05
1.064803473127540201e-05
1.062130104401148856e-05
1.059477835951838642e-05
1.056830842571798712e-05
1.054203676176257432e-05
1.051579238264821470e-05
1.048954527504974976e-05
1.046358011080883443e-05
1.043773499986855313e-05
1.041209907270967960e-05
1.038657774188322946e-05
1.036105095408856869e-05
1.033573516906471923e-05
1.031036845233757049e-05
1.028524638968519866e-05
1.026021709549240768e-05
1.023533968691481277e-05
1.021050775307230651e-05
1.018576585920527577e-05
1.016123951558256522e-05
1.013685869111213833e-05
1.011245149129536003e-05
1.008819708658847958e-05
1.006403454084647819e-05
1.003997749648988247e-05
1.001595410343725234e-05
9.991967999667394906e-06
9.968386621039826423e-06
9.944797056959941983e-06
9.921137461788021028e-06
9.897764357447158545e-06
9.874433999357279390e-06
9.851081813394557685e-06
9.827863323152996600e-06
9.804786714084912091e-06
9.781844710232689977e-06
9.758932719705626369e-06
9.736339961818885058e-06
9.713418876344803721e-06
9.690894330560695380e-06
9.668307939136866480e-06
9.645789759815670550e-06
9.623464393371250480e-06
9.601200872566550970e-06
9.578925528330728412e-06
9.556946679367683828e-06
9.535179742670152336e-06
9.512893484497908503e-06
9.491082892054691911e-06
9.469407814322039485e-06
9.447559932596050203e-06
9.425902135262731463e-06
9.404214324604254216e-06
9.382806638313923031e-06
9.361483535030856729e-06
9.340332326246425509e-06
9.319155651610344648e-06
9.297883480030577630e-06
9.276780474465340376e-06
9.255830264010000974e-06
9.234862773155327886e-06
9.213949851982761174e-06
9.193127880280371755e-06
9.172184945782646537e-06
9.151740414381492883e-06
9.131179467658512294e-06
9.110754035646095872e-06
9.090335879591293633e-06
9.069837688002735376e-06
9.049599611898884177e-06
9.029321518028154969e-06
9.009248060465324670e-06
8.989177331386599690e-06
8.968970178102608770e-06
8.949038601713255048e-06
8.929334398999344558e-06
8.909431926440447569e-06
8.889515811461023986e-06
8.869905286701396108e-06
8.850228368828538805e-06
8.830607839627191424e-06
8.811009138298686594e-06
8.791498657956253737e-06
8.772207365836948156e-06
8.752922440180554986e-06
8.733662980375811458e-06
8.714469004189595580e-06
8.695346878084819764e-06
8.676111065142322332e-06
8.657139005663339049e-06
8.638132385385688394e-06
8.619138498033862561e-06
8.600432920502498746e-06
8.581493602832779288e-06
8.562681614421308041e-06
8.544055162928998470e-06
8.525546945747919381e-06
8.506849553668871522e-06
8.488374078297056258e-06
8.470110515190754086e-06
8.451533176412340254e-06
8.433134098595473915e-06
8.414986950810998678e-06
8.396620614803396165e-06
8.378455277124885470e-06
8.360246283700689673e-06
8.342074579559266567e-06
8.323973816004581749e-06
8.306061317853163928e-06
8.288163371616974473e-06
8.270179023384116590e-06
8.252523002738598734e-06
8.234732376877218485e-06
8.217086360673420131e-06
8.199322110158391297e-06
8.181803423212841153e-06
8.164091013895813376e-06
8.146623258653562516e-06
8.129129128064960241e-06
8.111676834232639521e-06
8.094402801361866295e-06
8.077053280430845916e-06
8.059664651227649301e-06
8.042504305194597691e-06
8.025323950278107077e-06
8.008330041775479913e-06
7.991134225449059159e-06
7.973932952154427767e-06
7.957153684401419014e-06
7.940006980788893998e-06
7.923144949018023908e-06
7.906447535788174719e-06
7.889571861596778035e-06
7.872910828154999763e-06
7.856176125642377883e-06
7.839631507522426546e-06
7.822696716175414622e-06
7.806312169122975320e-06
7.789779374434147030e-06
7.773477591399569064e-06
7.756843842798843980e-06
7.740442924841772765e-06
7.724264833086635917e-06
7.707893018960021436e-06
7.691561222600284964e-06
7.675425877096131444e-06
7.659212315047625452e-06
7.642978744115680456e-06
7.627136255905497819e-06
7.610988632222870365e-06
7.594918770337244496e-06
7.579028533655218780e-06
7.563268354715546593e-06
7.547141194663709030e-06
7.531365099566755816e-06
7.515796824009157717e-06
7.499905223085079342e-06
7.484140951419249177e-06
7.468616331607336178e-06
7.452965746779227629e-06
7.437443855451419950e-06
7.421910595439840108e-06
7.406394161080243066e-06
7.390935024886857718e-06
7.375565019174246117e-06
7.360222298302687705e-06
7.344751338678179309e-06
7.329685558943310753e-06
7.314371032407507300e-06
7.299314802367007360e-06
7.284000275831203908e-06
7.269032266776775941e-06
7.253892363223712891e-06
7.238775651785545051e-06
7.223857664939714596e-06
7.208830083982320502e-06
7.193978035502368584e-06
7.179225576692260802e-06
7.164369890233501792e-06
7.149561952246585861e-06
7.134563475119648501e-06
7.119911060726735741e-06
7.105342774593736976e-06
7.090709004842210561e-06
7.076055226207245141e-06
7.061555152176879346e-06
7.047188773867674172e-06
7.032325811451300979e-06
7.018041287665255368e-06
7.003628525126259774e-06
6.989320354477968067e-06
6.974953066674061120e-06
6.960763585084350780e-06
6.946620032977079973e-06
6.932201813469873741e-06
6.918090093677164987e-06
6.903856956341769546e-06
6.889734777359990403e-06
6.875642156956018880e-06
6.861861493234755471e-06
6.847690656286431476e-06
6.833799034211551771e-06
6.819770987931406125e-06
6.806078090448863804e-06
6.792173735448159277e-06
6.778394890716299415e-06
6.764485078747384250e-06
6.750875400030054152e-06
6.737139301549177617e-06
6.723515525663970038e-06
6.709980880259536207e-06
6.696377113257767633e-06
6.682841558358632028e-06
6.669260528724407777e-06
6.655561264778953046e-06
6.642426797043299302e-06
6.628912160522304475e-06
6.615613074245629832e-06
6.602199846383882686e-06
6.589034455828368664e-06
6.575739917025202885e-06
6.562511771335266531e-06
6.549257705046329647e-06
6.535990905831567943e-06
6.522982857859460637e-06
6.509997092507546768e-06
6.496983587567228824e-06
6.483861852757399902e-06
6.470881999121047556e-06
6.458025836764136329e-06
6.445056442316854373e-06
6.432211193896364421e-06
6.419475539587438107e-06
6.406480679288506508e-06
6.393793682946125045e-06
6.381120783771621063e-06
6.368363301589852199e-06
6.355692676152102649e-06
6.343082532112020999e-06
6.330461928882868960e-06
6.317910901998402551e-06
6.305319402599707246e-06
6.293045771599281579e-06
6.280396064539672807e-06
6.268073320825351402e-06
6.255687367229256779e-06
6.243227289814967662e-06
6.230908184079453349e-06
6.218616817932343110e-06
6.206327725521987304e-06
6.194099114509299397e-06
6.182054221426369622e-06
6.169879270601086318e-06
6.157843017717823386e-06
6.145623046904802322e-06
6.133642727945698425e-06
6.121609658293891698e-06
6.109526566433487460e-06
6.097614004829665646e-06
6.085773748054634780e-06
6.073858457966707647e-06
6.061996828066185117e-06
6.050206138752400875e-06
6.038347692083334550e-06
6.026502887834794819e-06
6.014811333443503827e-06
6.003244834573706612e-06
5.991442776576150209e-06
5.979870365990791470e-06
5.968317964288871735e-06
5.956655513728037477e-06
5.945198154222453013e-06
5.933674856350990012e-06
5.921941010456066579e-06
5.910908839723560959e-06
5.899356892768992111e-06
5.887985935260076076e-06
5.876634531887248158e-06
5.865288585482630879e-06
5.854053142684279010e-06
5.842840892000822350e-06
5.831636826769681647e-06
5.820274964207783341e-06
5.809308277093805373e-06
5.798047823191154748e-06
5.787020654679508880e-06
5.776034868176793680e-06
5.765104560850886628e-06
5.753918685513781384e-06
5.742954726883908734e-06
5.732029876526212320e-06
5.721135039493674412e-06
5.710406639991560951e-06
5.699470420950092375e-06
5.688661985914222896e-06
5.677939498127670959e-06
5.667067398462677374e-06
5.656435860146302730e-06
5.645624696626327932e-06
5.634900389850372449e-06
5.624457116937264800e-06
5.613698249362641945e-06
5.603325917036272585e-06
5.592668458120897412e-06
5.582164703810121864e-06
5.571704605245031416e-06
5.561290436162380502e-06
5.550828063860535622e-06
5.540469373954692855e-06
5.530035195988602936e-06
5.519637397810583934e-06
5.509459697350393981e-06
5.499068265635287389e-06
5.488772785611217842e-06
5.478735602082451805e-06
5.468523795570945367e-06
5.458375198941212147e-06
5.448142928798915818e-06
5.438171683636028320e-06
5.428065833257278427e-06
5.418123691924847662e-06
5.408023753261659294e-06
5.398012490331893787e-06
5.388041699916357175e-06
5.378200967243174091e-06
5.368218353396514431e-06
5.358314865588909015e-06
5.348569175112061203e-06
5.338752544048475102e-06
5.328982751962030306e-06
5.319293904904043302e-06
5.309388598107034341e-06
5.299896201904630288e-06
5.290217359288362786e-06
5.280517143546603620e-06
5.270801011647563428e-06
5.261328169581247494e-06
5.251717539067612961e-06
5.242237421043682843e-06
5.232724561210488901e-06
5.223433163337176666e-06
5.213804342929506674e-06
5.204428362048929557e-06
5.194958248466718942e-06
5.185549525776877999e-06
5.176231297809863463e-06
5.166996288608061150e-06
5.157746272743679583e-06
5.148586751602124423e-06
5.139241693541407585e-06
5.129983037477359176e-06
5.120846708450699225e-06
5.111587142891949043e-06
5.102593149786116555e-06
5.093459549243561924e-06
5.084336862637428567e-06
5.075399712950456887e-06
5.066272933618165553e-06
5.057389898865949363e-06
5.048433649790240452e-06
5.039438747189706191e-06
5.030667580285808071e-06
5.021685410611098632e-06
5.012937435822095722e-06
5.004082140658283606e-06
4.995212748326594010e-06
4.986522071703802794e-06
4.977800472261151299e-06
4.969134351995307952e-06
4.960282694810302928e-06
4.951632035954389721e-06
4.942976374877616763e-06
4.934373919240897521e-06
4.925790562992915511e-06
4.917272690363461152e-06
4.908657501800917089e-06
4.900115527561865747e-06
4.891686330665834248e-06
4.883233941654907539e-06
4.874765181739348918e-06
4.866421477345284075e-06
4.857988187723094597e-06
4.849594915867783129e-06
4.841306235903175548e-06
4.832922058994881809e-06
4.824676580028608441e-06
4.816256932826945558e-06
4.808147878065938130e-06
4.799935595656279474e-06
4.791663286596303806e-06
4.783500116900540888e-06
4.775480647367658094e-06
4.767292011820245534e-06
4.759174316859571263e-06
4.751124379254179075e-06
4.743091267300769687e-06
4.735175934911239892e-06
4.727039595309179276e-06
4.719089702120982111e-06
4.711184828920522705e-06
4.703184458776377141e-06
4.695259121945127845e-06
4.687371983891353011e-06
4.679686298914020881e-06
4.671857823268510401e-06
4.663965228246524930e-06
4.656191322283120826e-06
4.648386948247207329e-06
4.640754468709928915e-06
4.632945547200506553e-06
4.625278052117209882e-06
4.617598278855439276e-06
4.610009909811196849e-06
4.602302396961022168e-06
4.594781330524710938e-06
4.587231160257942975e-06
4.579582764563383535e-06
4.572031230054562911e-06
4.564656592265237123e-06
4.557061856758082286e-06
4.549714958557160571e-06
4.542328042589360848e-06
4.534891559160314500e-06
4.527376859186915681e-06
4.520001766650239006e-06
4.512697159952949733e-06
4.505380275077186525e-06
4.498016096476931125e-06
4.490731043915729970e-06
4.483550128497881815e-06
4.476269623410189524e-06
4.469030045584077016e-06
4.461970547708915547e-06
4.454687768884468824e-06
4.447546416486147791e-06
4.440459179022582248e-06
4.433407866599736735e-06
4.426185114425607026e-06
4.419141532707726583e-06
4.412135240272618830e-06
4.405139861773932353e-06
4.398205874167615548e-06
4.391248239699052647e-06
4.384275598567910492e-06
4.377361165097681805e-06
4.370337592263240367e-06
4.363502284832065925e-06
4.356556019047275186e-06
4.349718892626697198e-06
4.342894953879294917e-06
4.336072379373945296e-06
4.329276634962297976e-06
4.322527729527791962e-06
4.315782462072093040e-06
4.308989900891901925e-06
4.302356501284521073e-06
4.295690814615227282e-06
4.289033768145600334e-06
4.282218469597864896e-06
4.275739229342434555e-06
4.269086730346316472e-06
4.262490620021708310e-06
4.255928615748416632e-06
4.249348876328440383e-06
4.242907380103133619e-06
4.236338554619578645e-06
4.229771548125427216e-06
4.223408268444472924e-06
4.216889465169515461e-06
4.210593942843843251e-06
4.204148808639729396e-06
4.197689577267738059e-06
4.191207153780851513e-06
4.184852969046914950e-06
4.178662038611946627e-06
4.172353783360449597e-06
4.166126473137410358e-06
4.159670424996875226e-06
4.153452664468204603e-06
4.147330400883220136e-06
4.141031240578740835e-06
4.134865775995422155e-06
4.128681666770717129e-06
4.122483005630783737e-06
4.116362106287851930e-06
4.110166628379374743e-06
4.104114395886426792e-06
4.098068075109040365e-06
4.091838945896597579e-06
4.085914497409248725e-06
4.079864538653055206e-06
4.073738637089263648e-06
4.067763711645966396e-06
4.061841082148021087e-06
4.055893896293127909e-06
4.049973540531937033e-06
4.044016350235324353e-06
4.038168299302924424e-06
4.032220658700680360e-06
4.026342139695771039e-06
4.020393134851474315e-06
4.014528713014442474e-06
4.008787072962149978e-06
4.003057711088331416e-06
3.997215571871493012e-06
3.991406174463918433e-06
3.985691364505328238e-06
3.979976099799387157e-06
3.974220817326568067e-06
3.968492819694802165e-06
3.962854407291160896e-06
3.957198714488185942e-06
3.951531653001438826e-06
3.945901880797464401e-06
3.940269380109384656e-06
3.934622327506076545e-06
3.929055310436524451e-06
3.923576059605693445e-06
3.917991307389456779e-06
3.912506144843064249e-06
3.906975052814232185e-06
3.901339823642047122e-06
3.895921508956234902e-06
3.890485459123738110e-06
3.885112619173014536e-06
3.879463292832951993e-06
3.874168669426580891e-06
3.868792191497050226e-06
3.863283382088411599e-06
3.857968749798601493e-06
3.852577265206491575e-06
3.847329026029910892e-06
3.841958005068590865e-06
3.836622909147990867e-06
3.831264166365144774e-06
3.825964995485264808e-06
3.820698566414648667e-06
3.815674062934704125e-06
3.810441057794378139e-06
3.805060487138689496e-06
3.799756541411625221e-06
3.794546273638843559e-06
3.789523361774627119e-06
3.784367891057627276e-06
3.779136250159353949e-06
3.774028527914197184e-06
3.768873057197197340e-06
3.763874701689928770e-06
3.758811544685158879e-06
3.753659484573290683e-06
3.748699100469821133e-06
3.743628440133761615e-06
3.738553459697868675e-06
3.733593075594399124e-06
3.728517640411155298e-06
3.723670943145407364e-06
3.718573907462996431e-06
3.713755859280354343e-06
3.708702479343628511e-06
3.703809625221765600e-06
3.698933596751885489e-06
3.694166480272542685e-06
3.689149707497563213e-06
3.684326429720385931e-06
3.679412429846706800e-06
3.674591425806283951e-06
3.669778607218177058e-06
3.664906444100779481e-06
3.660183892861823551e-06
3.655218961284845136e-06
3.650517328424029984e-06
3.645820015663048252e-06
3.641008788690669462e-06
3.636364226622390561e-06
3.631597792264074087e-06
3.626722900662571192e-06
3.622289796112454496e-06
3.617529046096024103e-06
3.612768523453269154e-06
3.608182396419579163e-06
3.603442110033938661e-06
3.598834155127406120e-06
3.594308282117708586e-06
3.589754896893282421e-06
3.585102604120038450e-06
3.580511474865488708e-06
3.575875098249525763e-06
3.571408797142794356e-06
3.566864734239061363e-06
3.562399115253356285e-06
3.557901663953089155e-06
3.553291662683477625e-06
3.548789891283377074e-06
3.544429546309402213e-06
3.539826138876378536e-06
3.535307996571646072e-06
3.531075435603270307e-06
3.526568207234959118e-06
3.522146698742290027e-06
3.517684035614365712e-06
3.513304363877978176e-06
3.509059297357453033e-06
3.504520464048255235e-06
3.500299953884677961e-06
3.495920282148290426e-06
3.491568122626631521e-06
3.487144113023532555e-06
3.482909050944726914e-06
3.478635562714771368e-06
3.474280219961656258e-06
3.470061528787482530e-06
3.465820100245764479e-06
3.461537971816142090e-06
3.457354296187986620e-06
3.453083536442136392e-06
3.448886218393454328e-06
3.444675257924245670e-06
3.440464979576063342e-06
3.436254246480530128e-06
3.432072617215453647e-06
3.427935325817088597e-06
3.423859880058444105e-06
3.419623453737585805e-06
3.415605533518828452e-06
3.411358420635224320e-06
3.407267740840325132e-06
3.403210484975716099e-06
3.399115712454658933e-06
3.395027079022838734e-06
3.390982783457729965e-06
3.386884600331541151e-06
3.382766180948237889e-06
3.378690053068567067e-06
3.374774905751110055e-06
3.370712875039316714e-06
3.366897772139054723e-06
3.362734560141689144e-06
3.358745061632362194e-06
3.354801719979150221e-06
3.350803126522805542e-06
3.347005076648201793e-06
3.343033313285559416e-06
3.339056320328381844e-06
3.335179144414723851e-06
3.331142352180904709e-06
3.327277681819396093e-06
3.323385499243158847e-06
3.319447841931832954e-06
3.315649564683553763e-06
3.311711679998552427e-06
3.308001396362669766e-06
3.304043730167904869e-06
3.300049911558744498e-06
3.296355998827493750e-06
3.292500423413002864e-06
3.288762172815040685e-06
3.284973900008480996e-06
3.281194267401588149e-06
3.277292080383631401e-06
3.273681841164943762e-06
3.269844455644488335e-06
3.266050498496042565e-06
3.262317250118940137e-06
3.258634251324110664e-06
3.254826879128813744e-06
3.251176394769572653e-06
3.247372205805731937e-06
3.243679884690209292e-06
3.240199930587550625e-06
3.236381417082156986e-06
3.232708195355371572e-06
3.229240746804862283e-06
3.225278987883939408e-06
3.221779252271517180e-06
3.218126948922872543e-06
3.214549224139773287e-06
3.210861450497759506e-06
3.207306690455880016e-06
3.203613459845655598e-06
3.200076207576785237e-06
3.196463694621343166e-06
3.192903250237577595e-06
3.189294602634618059e-06
3.185803734595538117e-06
3.182221007591579109e-06
3.178642373313778080e-06
3.175221991114085540e-06
3.171562184434151277e-06
3.168035391354351304e-06
3.164670488331466913e-06
3.161049335176357999e-06
3.157567334710620344e-06
3.154103524138918146e-06
3.150685415675980039e-06
3.147197958242031746e-06
3.143624553558765911e-06
3.140282842650776729e-06
3.136726718366844580e-06
3.133277004963019863e-06
3.129837296000914648e-06
3.126554020127514377e-06
3.123040187347214669e-06
3.119597067779977806e-06
3.116176230832934380e-06
3.112878175670630299e-06
3.109392309852410108e-06
3.106108351857983507e-06
3.102658638454158790e-06
3.099300556641537696e-06
3.095984084211522713e-06
3.092615997957182117e-06
3.089215624640928581e-06
3.085931439272826537e-06
3.082603825532714836e-06
3.079293264818261378e-06
3.076026132475817576e-06
3.072630306633072905e-06
3.069418198720086366e-06
3.066176986976643093e-06
3.062837095058057457e-06
3.059543359995586798e-06
3.056293735426152125e-06
3.053023192478576675e-06
3.049709448532667011e-06
3.046611709578428417e-06
3.043284550585667603e-06
3.039966031792573631e-06
3.036872385564493015e-06
3.033625034731812775e-06
3.030262632819358259e-06
3.027169441338628531e-06
3.023954377567861229e-06
3.020762051164638251e-06
3.017569497387739830e-06
3.014422190972254612e-06
3.011280114151304588e-06
3.007954774147947319e-06
3.004894324476481415e-06
3.001670620506047271e-06
2.998502850459772162e-06
2.995361001012497582e-06
2.992178224303643219e-06
2.989047516166465357e-06
2.985961145895998925e-06
2.982817477459320799e-06
2.979730197694152594e-06
2.976679525090730749e-06
2.973609070977545343e-06
2.970514742628438398e-06
2.967379032270400785e-06
2.964293571494636126e-06
2.961259269795846194e-06
2.958148343168431893e-06
2.955152694994467311e-06
2.952028808067552745e-06
2.948872861452400684e-06
2.946033418993465602e-06
2.942877245004638098e-06
2.939782916655531153e-06
2.936798637165338732e-06
2.933657469839090481e-06
2.930792788902181201e-06
2.927789410023251548e-06
2.924719638031092472e-06
2.921794703070190735e-06
2.918823156505823135e-06
2.915688583016162738e-06
2.912785021180752665e-06
2.909760496550006792e-06
2.906780309785972349e-06
2.903841732404544018e-06
2.900807885453104973e-06
2.897860895245685242e-06
2.895116949730436318e-06
2.892120619435445406e-06
2.889092229452216998e-06
2.886121592382551171e-06
2.883288061639177613e-06
2.880295596696669236e-06
2.877353153962758370e-06
2.874422989407321438e-06
2.871594006137456745e-06
2.868665660571423359e-06
2.865805299734347500e-06
2.862962901417631656e-06
2.860041831809212454e-06
2.857149183910223655e-06
2.854186732292873785e-06
2.851352064681123011e-06
2.848468511729151942e-06
2.845717062882613391e-06
2.842753019649535418e-06
2.839983153535285965e-06
2.837150532286614180e-06
2.834290171449538320e-06
2.831387973856180906e-06
2.828535571097745560e-06
2.825678620865801349e-06
2.822853275574743748e-06
2.820127065206179395e-06
2.817145059452741407e-06
2.814454546751221642e-06
2.811699005178525113e-06
2.808876160997897387e-06
2.806075599437463097e-06
2.803329834932810627e-06
2.800542006298201159e-06
2.797728257064591162e-06
2.794938609440578148e-06
2.792149416563916020e-06
2.789505515465862118e-06
2.786759068840183318e-06
2.783964646368985996e-06
2.781192961265332997e-06
2.778393763946951367e-06
2.775827397272223607e-06
2.772975904008490033e-06
2.770291985143558122e-06
2.767527803371194750e-06
2.764739292615558952e-06
2.762071972028934397e-06
2.759338030955404975e-06
2.756592493824427947e-06
2.753962235146900639e-06
2.751272631940082647e-06
2.748700580923468806e-06
2.745872279774630442e-06
2.743180630204733461e-06
2.740454192462493666e-06
2.737674776653875597e-06
2.735095222305972129e-06
2.732473376454436220e-06
2.729801053646951914e-06
2.726939328567823395e-06
2.724469140957808122e-06
2.721811142691876739e-06
2.719125859584892169e-06
2.716542212510830723e-06
2.713795993258827366e-06
2.711178467507124878e-06
2.708468855416867882e-06
2.705912265810184181e-06
2.703280870264279656e-06
2.700700406421674415e-06
2.698232037801062688e-06
2.695432158361654729e-06
2.692837142603821121e-06
2.690309884201269597e-06
2.687603227968793362e-06
2.685038680283469148e-06
2.682435706446995027e-06
2.679892077139811590e-06
2.677280463103670627e-06
2.674705228855600581e-06
2.672117034308030270e-06
2.669516334208310582e-06
2.666914724613889121e-06
2.664458634171751328e-06
2.661755388544406742e-06
2.659219944689539261e-06
2.656718606885988265e-06
2.654144282132619992e-06
2.651536533448961563e-06
2.649116595421219245e-06
2.646489065227797255e-06
2.643913603606051765e-06
2.641340188347385265e-06
2.638879323058063164e-06
2.636375029396731406e-06
2.633858912304276600e-06
2.631339839354041032e-06
2.628713446028996259e-06
2.626263267302419990e-06
2.623764657982974313e-06
2.621244902911712416e-06
2.618740836624056101e-06
2.616197662064223550e-06
2.613827518871403299e-06
2.611377567518502474e-06
2.608811428217450157e-06
2.606296220619697124e-06
2.603784878374426626e-06
2.601339474495034665e-06
2.598832679723273031e-06
2.596424337752978317e-06
2.593843191789346747e-06
2.591447355371201411e-06
2.588970346550922841e-06
2.586584969321847893e-06
2.584042931630392559e-06
2.581655962785589509e-06
2.579155307103064843e-06
2.576760380179621279e-06
2.574218569861841388e-06
2.571817503849160857e-06
2.569398475316120312e-06
2.566987632235395722e-06
2.564478108979528770e-06
2.562012014095671475e-06
2.559614131314447150e-06
2.557182824602932669e-06
2.554786533437436447e-06
2.552424575696932152e-06
2.549991222622338682e-06
2.547626309024053626e-06
2.545219331295811571e-06
2.542783022363437340e-06
2.540340574341826141e-06
2.537982254580128938e-06
2.535482735765981488e-06
2.533242422941839322e-06
2.530869778638589196e-06
2.528403683754731901e-06
2.526029220462078229e-06
2.523730017855996266e-06
2.521369424357544631e-06
2.518916517146863043e-06
2.516522044970770366e-06
2.514255356800276786e-06
2.511893171686097048e-06
2.509493469915469177e-06
2.507101953597157262e-06
2.504767053324030712e-06
2.502448069208185188e-06
2.500032906027627178e-06
2.497721197869395837e-06
2.495372427802067250e-06
2.492935436748666689e-06
2.490753558959113434e-06
2.488341124262660742e-06
2.486016001057578251e-06
2.483731577740400098e-06
2.481421461197896861e-06
2.479060412952094339e-06
2.476726649547345005e-06
2.474376515237963758e-06
2.472148253218620084e-06
2.469788114467519335e-06
2.467462536515085958e-06
2.465186071276548319e-06
2.462856400597956963e-06
2.460525365677312948e-06
2.458250037307152525e-06
2.455999265293939970e-06
2.453695287840673700e-06
2.451430418659583665e-06
2.449087332934141159e-06
2.446799726385506801e-06
2.444546453261864372e-06
2.442298182359081693e-06
2.440043544993386604e-06
2.437664534227224067e-06
2.435316218907246366e-06
2.433185272820992395e-06
2.430931090202648193e-06
2.428628704365110025e-06
2.426384980935836211e-06
2.424085778329754248e-06
2.421857288936735131e-06
2.419626071059610695e-06
2.417305495328037068e-06
2.415066091998596676e-06
2.412836465737200342e-06
2.410524302831618115e-06
2.408290583844063804e-06
2.406134171906160191e-06
2.403808821327402256e-06
2.401660822215490043e-06
2.399386403340031393e-06
2.397116531938081607e-06
2.394936245764256455e-06
2.392757323832483962e-06
2.390495410509174690e-06
2.388246002738014795e-06
2.386096639384049922e-06
2.383876790190697648e-06
2.381733565925969742e-06
2.379487568759941496e-06
2.377161081312806346e-06
2.375026042500394396e-06
2.372790277149761096e-06
2.370544962104759179e-06
2.368389232287881896e-06
2.366113676544046029e-06
2.364098691032268107e-06
2.361781753279501572e-06
2.359603286095079966e-06
2.357372295591630973e-06
2.355247488594613969e-06
2.353017862333217636e-06
2.350872819079086185e-06
2.348705038457410410e-06
2.346487917748163454e-06
2.344391305086901411e-06
2.342162133572855964e-06
2.340003447898197919e-06
2.337804517082986422e-06
2.335692215638118796e-06
2.333449401703546755e-06
2.331357109142118134e-06
2.329130438738502562e-06
2.327038600924424827e-06
2.324842171219643205e-06
2.322668478882405907e-06
2.320659632459864952e-06
2.318382939847651869e-06
2.316183781658764929e-06
2.314085350008099340e-06
2.312079686817014590e-06
2.309859837623662315e-06
2.307716840732609853e-06
2.305616135345189832e-06
2.303441760886926204e-06
2.301406539118033834e-06
2.299291963936411776e-06
2.297008222740259953e-06
2.294918658662936650e-06
2.292811586812604219e-06
2.290675411131815054e-06
2.288614723511273041e-06
2.286484686919720843e-06
2.284464244439732283e-06
2.282185050717089325e-06
2.280031594636966474e-06
2.278091642438084818e-06
2.275879978697048500e-06
2.273839754707296379e-06
2.271779976581456140e-06
2.269603101012762636e-06
2.267582203785423189e-06
2.265509010612731799e-06
2.263473334096488543e-06
2.261284635096671991e-06
2.259164830320514739e-06
2.257094138258253224e-06
2.255007757412386127e-06
2.252987769679748453e-06
2.250853640362038277e-06
2.248700866402941756e-06
2.246688609375269152e-06
2.244609049739665352e-06
2.242592927359510213e-06
2.240539970443933271e-06
2.238351044070441276e-06
2.236351519968593493e-06
2.234306521131657064e-06
2.232236056443070993e-06
2.230138079539756291e-06
2.228144694527145475e-06
2.225992147941724397e-06
2.224010131612885743e-06
2.221906470367684960e-06
2.219873067588196136e-06
2.217870360254892148e-06
2.215761696788831614e-06
2.213786046922905371e-06
2.211717173850047402e-06
2.209662397945066914e-06
2.207562602052348666e-06
2.205477585448534228e-06
2.203526037192204967e-06
2.201573579441173933e-06
2.199490154453087598e-06
2.197520188929047436e-06
2.195408569605206139e-06
2.193404270656174049e-06
2.191320618294412270e-06
2.189410679420689121e-06
2.187328846048330888e-06
2.185339099014527164e-06
2.183229526053764857e-06
2.181337549700401723e-06
2.179313696615281515e-06
2.177213900722563267e-06
2.175211648136610165e-06
2.173200073229963891e-06
2.171235337300458923e-06
2.169235585824935697e-06
2.167267894037649967e-06
2.165216301364125684e-06
2.163168801416759379e-06
2.161187921956297942e-06
2.159183395633590408e-06
2.157185917894821614e-06
2.155230276912334375e-06
2.153175501007353887e-06
2.151331500499509275e-06
2.149248530258773826e-06
2.147293344023637474e-06
2.145271764675271697e-06
2.143259962394949980e-06
2.141381173714762554e-06
2.139346179319545627e-06
2.137312094419030473e-06
2.135469912900589406e-06
2.133524503733497113e-06
2.131534301952342503e-06
2.129491576852160506e-06
2.127489779013558291e-06
2.125538685504579917e-06
2.123436615875107236e-06
2.121675834132474847e-06
2.119661985489074141e-06
2.117679059665533714e-06
2.115735469487844966e-06
2.113894197464105673e-06
2.111821004291414283e-06
2.109896513502462767e-06
2.107957016050931998e-06
2.106017518599401228e-06
2.104038003380992450e-06
2.102016196658951230e-06
2.100144456562702544e-06
2.098297045449726284e-06
2.096260004691430368e-06
2.094377350658760406e-06
2.092446720780571923e-06
2.090465841320110485e-06
2.088562951030326076e-06
2.086694166791858152e-06
2.084625293719000183e-06
2.082761284327716567e-06
2.080848616969888099e-06
2.078967554552946240e-06
2.076955752272624522e-06
2.075072416118928231e-06
2.073154519166564569e-06
2.071216613330761902e-06
2.069230276902089827e-06
2.067418790829833597e-06
2.065456783384433948e-06
2.063512738459394313e-06
2.061680788756348193e-06
2.059638063656166196e-06
2.057881602013367228e-06
2.055852746707387269e-06
2.053976686511305161e-06
2.052090849247178994e-06
2.050201828751596622e-06
2.048257101705530658e-06
2.046364215857465751e-06
2.044471102635725401e-06
2.042564346993458457e-06
2.040738991127000190e-06
2.038828597505926155e-06
2.036921159742632881e-06
2.034987119259312749e-06
2.033180862781591713e-06
2.031293888649088331e-06
2.029353026955504902e-06
2.027491973422002047e-06
2.025598178079235367e-06
2.023758042923873290e-06
2.021821046582772397e-06
2.019945895881392062e-06
2.018151235461118631e-06
2.016239704971667379e-06
2.014458686971920542e-06
2.012551476582302712e-06
2.010569005506113172e-06
2.008754563576076180e-06
2.006862814596388489e-06
2.005085207201773301e-06
2.003243935178034008e-06
2.001338998525170609e-06
1.999449978029588237e-06
1.997545723497751169e-06
1.995753336814232171e-06
1.993939804378896952e-06
1.992015313589945436e-06
1.990166538234916516e-06
1.988288886423106305e-06
1.986453980862279423e-06
1.984695927603752352e-06
1.982877392947557382e-06
1.980972911042044871e-06
1.979000899154925719e-06
1.977284455279004760e-06
1.975431587197817862e-06
1.973611006178543903e-06
1.971695155589259230e-06
1.969949153135530651e-06
1.968099923033150844e-06
1.966242052731104195e-06
1.964302555279573426e-06
1.962574060598853976e-06
1.960818053703405894e-06
1.958881966857006773e-06
1.957151198439532891e-06
1.955356083271908574e-06
1.953467972271027975e-06
1.951680360434693284e-06
1.949733359651872888e-06
1.947955979630933143e-06
1.946219754245248623e-06
1.944278437804314308e-06
1.942544713529059663e-06
1.940685251611284912e-06
1.939032244990812615e-06
1.937116849148878828e-06
1.935324007718008943e-06
1.933552084665279835e-06
1.931726501425146125e-06
1.929798827404738404e-06
1.928086931002326310e-06
1.926321147038834170e-06
1.924538310049683787e-06
1.922682940858067013e-06
1.920843715197406709e-06
1.919032456498825923e-06
1.917307145049562678e-06
1.915535676744184457e-06
1.913726464408682659e-06
1.912001380333094858e-06
1.910169885377399623e-06
1.908410013129469007e-06
1.906595116452081129e-06
1.904756686599284876e-06
1.902990675262117293e-06
1.901120981528947596e-06
1.899501626212440897e-06
1.897702759379171766e-06
1.895858986245002598e-06
1.894155730042257346e-06
1.892337763820250984e-06
1.890573798846162390e-06
1.888734004751313478e-06
1.887052235360897612e-06
1.885248025246255565e-06
1.883530785562470555e-06
1.881722823782183696e-06
1.879967157947248779e-06
1.878187617876392324e-06
1.876464921224396676e-06
1.874663439593859948e-06
1.872865368568454869e-06
1.871144377219025046e-06
1.869478296612214763e-06
1.867590754045522772e-06
1.865987087512621656e-06
1.864191972344997339e-06
1.862363660620758310e-06
1.860692236732575111e-06
1.858937366705504246e-06
1.857204438238113653e-06
1.855410232565191109e-06
1.853705498433555476e-06
1.851869114943838213e-06
1.850265221037261654e-06
1.848440319918154273e-06
1.846684995143732522e-06
1.844924554461613297e-06
1.843205495788424741e-06
1.841535322455456480e-06
1.839714059315156192e-06
1.838067873904947191e-06
1.836363367146987002e-06
1.834541194511984941e-06
1.832847488003608305e-06
1.831181975830986630e-06
1.829454163271293510e-06
1.827633809625694994e-06
1.825841877689526882e-06
1.824187734200677369e-06
1.822529156925156713e-06
1.820844659050635528e-06
1.819050680751388427e-06
1.817386646507657133e-06
1.815700670704245567e-06
1.813947164919227362e-06
1.812244590837508440e-06
1.810483468034362886e-06
1.808767137845279649e-06
1.807086619010078721e-06
1.805411898203601595e-06
1.803553118406853173e-06
1.801960934244561940e-06
1.800256995920790359e-06
1.798609901015879586e-06
1.796854462554620113e-06
1.795120738279365469e-06
1.793451247067423537e-06
1.791743443391169421e-06
1.790060082385025453e-06
1.788364443200407550e-06
1.786677898962807376e-06
1.785020117495150771e-06
1.783343464012432378e-06
1.781586206561769359e-06
1.779954459379951004e-06
1.778187538548081648e-06
1.776494173100218177e-06
1.774912675500672776e-06
1.773114036041079089e-06
1.771397705851995852e-06
1.769890673131158110e-06
1.768216293385194149e-06
1.766458126439829357e-06
1.764732928677403834e-06
1.763127556841936894e-06
1.761422140589274932e-06
1.759710698934213724e-06
1.758109306138067041e-06
1.756423557708330918e-06
1.754777031237608753e-06
1.753036485752090812e-06
1.751529225657577626e-06
1.749700345499149989e-06
1.748142040014499798e-06
1.746426278259605169e-06
1.744812948345497716e-06
1.743131292641919572e-06
1.741472942740074359e-06
1.739792196531197987e-06
1.738141236273804680e-06
1.736462991175358184e-06
1.734852162371680606e-06
1.733251679070235696e-06
1.731563543216907419e-06
1.729875748424092308e-06
1.728214101603953168e-06
1.726556092762621120e-06
1.724901721900096163e-06
1.723205400594451930e-06
1.721684498079412151e-06
1.720002273941645399e-06
1.718365183478454128e-06
1.716711267363280058e-06
1.714994027679495048e-06
1.713378878775984049e-06
1.711773961687867995e-06
1.710158244350168388e-06
1.708465674710168969e-06
1.706884518171136733e-06
1.705162844700680580e-06
1.703711291156650987e-06
1.702015197224682197e-06
1.700360598988481797e-06
1.698765686342085246e-06
1.697033098935207818e-06
1.695455011940794066e-06
1.693858052931318525e-06
1.692215732873592060e-06
1.690629687800537795e-06
1.688929728516086470e-06
1.687397002569923643e-06
1.685737402112863492e-06
1.684172502791625448e-06
1.682515176071319729e-06
1.680900936662510503e-06
1.679370598139939830e-06
1.677713498793309554e-06
1.676116085036483128e-06
1.674465579526440706e-06
1.672829966992139816e-06
1.671254381108155940e-06
1.669610242061025929e-06
1.668087065809231717e-06
1.666450657467066776e-06
1.664816977609007154e-06
1.663230705162277445e-06
1.661751639403519221e-06
1.660053499108471442e-06
1.658454038988566026e-06
1.656855033616011497e-06
1.655283085710834712e-06
1.653659182920819148e-06
1.652113269301480614e-06
1.650492890803434420e-06
1.648877969273598865e-06
1.647272824811807368e-06
1.645709289732621983e-06
1.644111193854769226e-06
1.642553797864820808e-06
1.640923869672405999e-06
1.639449806134507526e-06
1.637806690268917009e-06
1.636200863686099183e-06
1.634619820833904669e-06
1.633134388612234034e-06
1.631446025385230314e-06
1.629894882171356585e-06
1.628365453143487684e-06
1.626806920285162050e-06
1.625116851755592506e-06
1.623634148018027190e-06
1.622003310330910608e-06
1.620517878109239973e-06
1.618866122043982614e-06
1.617347265892021824e-06
1.615788960407371633e-06
1.614168922969838604e-06
1.612565824871126097e-06
1.611059019523963798e-06
1.609482751518953592e-06
1.607911940482154023e-06
1.606335672477143817e-06
1.604832505108788610e-06
1.603294208507577423e-06
1.601717826815729495e-06
1.600230575604655314e-06
1.598561766513739713e-06
1.597065079295134638e-06
1.595546450516849291e-06
1.593937895449926145e-06
1.592390276528021786e-06
1.590867896084091626e-06
1.589361659171117935e-06
1.587730821484001353e-06
1.586239363859931473e-06
1.584652750352688599e-06
1.583099788149411324e-06
1.581571382303081919e-06
1.580079810992174316e-06
1.578516958034015261e-06
1.576974796080321539e-06
1.575434453116031364e-06
1.573963345435913652e-06
1.572280552863958292e-06
1.570811264173244126e-06
1.569283199387427885e-06
1.567788558531901799e-06
1.566206378811330069e-06
1.564661943120881915e-06
1.563216187605576124e-06
1.561669023431022651e-06
1.560133796374429949e-06
1.558668714096711483e-06
1.557171685817593243e-06
1.555583025947271381e-06
1.554040636619902216e-06
1.552490971334918868e-06
1.551031573399086483e-06
1.549485773466585670e-06
1.547981810290366411e-06
1.546485691505949944e-06
1.544877704873215407e-06
1.543445591778436210e-06
1.541948677186155692e-06
1.540400603516900446e-06
1.538798073852376547e-06
1.537345951874158345e-06
1.535867681923264172e-06
1.534353032184299082e-06
1.532805526949232444e-06
1.531368297946755774e-06
1.529854444015654735e-06
1.528331949884886853e-06
1.526825485598237719e-06
1.525325842521851882e-06
1.523851778983953409e-06
1.522295065115031321e-06
1.520748242000991013e-06
1.519434135843766853e-06
1.517874352430226281e-06
1.516298766546242405e-06
1.514951691206078976e-06
1.513446022727293894e-06
1.511881578153406736e-06
1.510375454927270766e-06
1.508886498413630761e-06
1.507450065219018143e-06
1.505914724475587718e-06
1.504419969933223911e-06
1.502993995927681681e-06
1.501487417954194825e-06
1.499975951446685940e-06
1.498497454122116324e-06
1.497013272455660626e-06
1.495494416303699836e-06
1.494083448960736860e-06
1.492652472734334879e-06
1.491102580075676087e-06
1.489657847741909791e-06
1.488107841396413278e-06
1.486675955675309524e-06
1.485185748606454581e-06
1.483737378293881193e-06
1.482316974943387322e-06
1.480824266764102504e-06
1.479334628129436169e-06
1.477887963119428605e-06
1.476402530897757970e-06
1.474928239986184053e-06
1.473445195188105572e-06
1.472060262130980846e-06
1.470541292292182334e-06
1.469101562179275788e-06
1.467635001972666942e-06
1.466212324885418639e-06
1.464684146412764676e-06
1.463263515688595362e-06
1.461823558202013373e-06
1.460325620428193361e-06
1.458843485124816652e-06
1.457447410757595208e-06
1.456027234780776780e-06
1.454541006751242094e-06
1.453003392271057237e-06
1.451641765015665442e-06
1.450161562388530001e-06
1.448746729693084490e-06
1.447261183784576133e-06
1.445952079848211724e-06
1.444442204956430942e-06
1.442976554244523868e-06
1.441534095647512004e-06
1.440127675778057892e-06
1.438660433450422715e-06
1.437191713193897158e-06
1.435857257092720829e-06
1.434367618458054494e-06
1.432955741620389745e-06
1.431505552318412811e-06
1.430032398275216110e-06
1.428583686902129557e-06
1.427144184162898455e-06
1.425780965291778557e-06
1.424307356501230970e-06
1.422927880412316881e-06
1.421494971509673633e-06
1.420048306499666069e-06
1.418618808202154469e-06
1.417314933860325254e-06
1.415817109773342963e-06
1.414375105923681986e-06
1.412923211319139227e-06
1.411521225236356258e-06
1.410099798704322893e-06
1.408756361342966557e-06
1.407323907187674195e-06
1.405842454005323816e-06
1.404447516506479587e-06
1.403070768901670817e-06
1.401574650117254350e-06
1.400207224833138753e-06
1.398829340359952766e-06
1.397371192979335319e-06
1.395935214532073587e-06
1.394576997881813440e-06
1.393234242641483434e-06
1.391701403008482885e-06
1.390366378473117948e-06
1.388923010381404310e-06
1.387595602864166722e-06
1.386094254485215060e-06
1.384806978421693202e-06
1.383320295644807629e-06
1.381925244459125679e-06
1.380487788082973566e-06
1.379083641950273886e-06
1.377738385599514004e-06
1.376422574139724020e-06
1.374990006297593936e-06
1.373619284095184412e-06
1.372214455841458403e-06
1.370761765429051593e-06
1.369412302665296011e-06
1.368034872939460911e-06
1.366745095765509177e-06
1.365194862046337221e-06
1.363884052807406988e-06
1.362505372526356950e-06
1.361126237497956026e-06
1.359681505164189730e-06
1.358289978270477150e-06
1.356939492325182073e-06
1.355560243609943427e-06
1.354221467408933677e-06
1.352855861114221625e-06
1.351332571175589692e-06
1.350096226815367118e-06
1.348703563053277321e-06
1.347354555036872625e-06
1.345937903352023568e-06
1.344507040812459309e-06
1.343161670774861705e-06
1.341778101959789637e-06
1.340413973593967967e-06
1.339095774710585829e-06
1.337675030299578793e-06
1.336351374447986018e-06
1.334924036200391129e-06
1.333655518465093337e-06
1.332232614004169591e-06
1.330889745077001862e-06
1.329551196249667555e-06
1.328201278738561086e-06
1.326788719779870007e-06
1.325437324339873157e-06
1.324117192780249752e-06
1.322743742093734909e-06
1.321379727414750960e-06
1.320054707321105525e-06
1.318664772043121047e-06
1.317322926297492813e-06
1.315953454650298227e-06
1.314662540607969277e-06
1.313263510382967070e-06
1.311967821493453812e-06
1.310624611505772918e-06
1.309213416789134499e-06
1.307917727899621241e-06
1.306536319134465884e-06
1.305205046264745761e-06
1.303843646383029409e-06
1.302526925428537652e-06
1.301175984735891689e-06
1.299813902733149007e-06
1.298528104598517530e-06
1.297167727898340672e-06
1.295876472795498557e-06
1.294462435907917097e-06
1.293179821004741825e-06
1.291721446250448935e-06
1.290496697947673965e-06
1.289165197704278398e-06
1.287828467866347637e-06
1.286460474148043431e-06
1.285192297473258805e-06
1.283846359001472592e-06
1.282540324609726667e-06
1.281206778003252111e-06
1.279829689337930176e-06
1.278493527934188023e-06
1.277255023524048738e-06
1.275870772587950341e-06
1.274657279282109812e-06
1.273299290005525108e-06
1.271946871383988764e-06
1.270601615033228882e-06
1.269275344384368509e-06
1.267978177565964870e-06
1.266670324184815399e-06
1.265361333935288712e-06
1.264062461814319249e-06
1.262771206711477134e-06
1.261387524209567346e-06
1.260114345313922968e-06
1.258731799680390395e-06
1.257440999324899167e-06
1.256194423149281647e-06
1.254844050890824292e-06
1.253520167665556073e-06
1.252228685189038515e-06
1.250948002962104511e-06
1.249586034646199550e-06
1.248331045644590631e-06
1.247033537765673827e-06
1.245738076249836013e-06
1.244461600435897708e-06
1.243132146555581130e-06
1.241844302057870664e-06
1.240541905644931830e-06
1.239253606399870478e-06
1.237967467204725835e-06
1.236692469319677912e-06
1.235325271409237757e-06
1.234059141097532120e-06
1.232810291185160168e-06
1.231461169481917750e-06
1.230224143000668846e-06
1.228888095283764414e-06
1.227614234267093707e-06
1.226307631441159174e-06
1.225081518896331545e-06
1.223667595695587806e-06
1.222474679707374889e-06
1.221256411554350052e-06
1.219915020556072704e-06
1.218691977555863559e-06
1.217381168316933326e-06
1.216047053276270162e-06
1.214752387568296399e-06
1.213524342347227503e-06
1.212200459121959284e-06
1.210965365316951647e-06
1.209730953632970341e-06
1.208348635373113211e-06
1.207155833071738016e-06
1.205834109896386508e-06
1.204523869091644883e-06
1.203315378006664105e-06
1.202058911076164804e-06
1.200746737595181912e-06
1.199464463752519805e-06
1.198214135911257472e-06
1.196957555293920450e-06
1.195684262711438350e-06
1.194352194033854175e-06
1.193256480291893240e-06
1.191873593597847503e-06
1.190643729387375060e-06
1.189379986499261577e-06
1.188206624647136778e-06
1.186897861771285534e-06
1.185591258945351001e-06
1.184349230243242346e-06
1.183116637548664585e-06
1.181818447548721451e-06
1.180618824037082959e-06
1.179333935397153255e-06
1.178139768853725400e-06
1.176841124106431380e-06
1.175531906483229250e-06
1.174295448436168954e-06
1.173064902104670182e-06
1.171827193502394948e-06
1.170604036815348081e-06
1.169380993815138936e-06
1.168111111837788485e-06
1.166917172668036073e-06
1.165559410765126813e-06
1.164429363598173950e-06
1.163095248557510786e-06
1.161822865469730459e-06
1.160603801508841570e-06
1.159378825832391158e-06
1.158153622782265302e-06
1.156987423200916965e-06
1.155687186837894842e-06
1.154406731984636281e-06
1.153152197730378248e-06
1.151963829215674195e-06
1.150746697931026574e-06
1.149524109678168315e-06
1.148264800576725975e-06
1.147069156104407739e-06
1.145745386565977242e-06
1.144613520409620833e-06
1.143358076660661027e-06
1.142164592238259502e-06
1.140967242463375442e-06
1.139681671702419408e-06
1.138450443249894306e-06
1.137157482844486367e-06
1.135970592258672696e-06
1.134811554948100820e-06
1.133595901592343580e-06
1.132316810981137678e-06
1.131202338910952676e-06
1.129923134612909053e-06
1.128759208768315148e-06
1.127488758356776088e-06
1.126283564190089237e-06
1.125047901950892992e-06
1.123757442655914929e-06
1.122654680330015253e-06
1.121446871366060805e-06
1.120219053518667351e-06
1.119030685003963299e-06
1.117769443226279691e-06
1.116623593588883523e-06
1.115325972023128998e-06
1.114115775635582395e-06
1.112955487769795582e-06
1.111814185605908278e-06
1.110534753934189212e-06
1.109399818233214319e-06
1.108146989281522110e-06
1.107034449887578376e-06
1.105718752114626113e-06
1.104560851672431454e-06
1.103347130992915481e-06
1.102146370612899773e-06
1.100952772503660526e-06
1.099781798075127881e-06
1.098565235224668868e-06
1.097355038837122265e-06
1.096189521376800258e-06
1.095003881346201524e-06
1.093781406780180987e-06
1.092619186238152906e-06
1.091421268029080238e-06
1.090292812477855477e-06
1.088989620257052593e-06
1.087908117369806860e-06
1.086659722204785794e-06
1.085466465156059712e-06
1.084299583453685045e-06
1.083109850696928333e-06
1.081952859749435447e-06
1.080750962501042522e-06
1.079539174497767817e-06
1.078413674804323819e-06
1.077189267562062014e-06
1.076044327419367619e-06
1.074780470844416413e-06
1.073688963515451178e-06
1.072458985618141014e-06
1.071343035619065631e-06
1.070141706804861315e-06
1.068973119799920823e-06
1.067844550561858341e-06
1.066658569470746443e-06
1.065512265085999388e-06
1.064288426277926192e-06
1.063142008206341416e-06
1.061974671756615862e-06
1.060768909155740403e-06
1.059626470123475883e-06
1.058393081621034071e-06
1.057264398696133867e-06
1.056106157193426043e-06
1.054949393619608600e-06
1.053781943483045325e-06
1.052633137987868395e-06
1.051440221999655478e-06
1.050336891239567194e-06
1.049247202900005504e-06
1.048065087161376141e-06
1.046869329002220184e-06
1.045713020175753627e-06
1.044558189278177451e-06
1.043375277731684037e-06
1.042217945723677985e-06
1.041117911881883629e-06
1.039956373460881878e-06
1.038781078932515811e-06
1.037682409332774114e-06
1.036475623550359160e-06
1.035331820276041981e-06
1.034178808367869351e-06
1.032992599903082009e-06
1.031919623528665397e-06
