4.681249707937240601e-02
4.100062698125839233e-02
2.587216906249523163e-02
1.255237217992544174e-02
8.476667106151580811e-03
4.078320227563381195e-03
2.611289732158184052e-03
1.204033847898244858e-03
9.128461242653429508e-04
5.696134758181869984e-04
3.719399101100862026e-04
2.785722026601433754e-04
2.502935822121798992e-04
1.782611943781375885e-04
1.220253689098171890e-04
6.222160300239920616e-05
5.017493458581157029e-05
3.321662734379060566e-05
2.740448508120607585e-05
2.160554686270188540e-05
1.753062679199501872e-05
1.199378766614245251e-05
9.575293006491847336e-06
6.683547326247207820e-06
5.451735887618269771e-06
3.914855369657743722e-06
3.289208734713611193e-06
2.523757757444400340e-06
2.181161789849284105e-06
1.170696350527578034e-06
1.140907670560409315e-06
1.109972004087467212e-06
1.093393166229361668e-06
1.068792130354268011e-06
1.055067514244001359e-06
1.029665327223483473e-06
1.013934479487943463e-06
9.900826398734352551e-07
9.756481631484348327e-07
9.529639442007464822e-07
9.399300324730575085e-07
9.202047408507496584e-07
9.086368777388997842e-07
8.911276268008805346e-07
8.801983426565129776e-07
8.629127137282921467e-07
8.508957307640230283e-07
8.301145726363756694e-07
8.154266879500937648e-07
7.906842824922932778e-07
7.723951966909226030e-07
7.423801662298501469e-07
7.222507178994419519e-07
6.889529799991578329e-07
6.670550192211521789e-07
6.321857881630421616e-07
6.102807788010977674e-07
5.752685297011339571e-07
5.526420068235893268e-07
5.185269174035056494e-07
4.958747013006359339e-07
4.626994893897062866e-07
4.424669555191940162e-07
