4.681249707937240601e-02
4.100062698125839233e-02
2.587216906249523163e-02
2.074372209608554840e-02
1.748310774564743042e-02
1.418149191886186600e-02
1.203993335366249084e-02
1.045622210949659348e-02
9.222994558513164520e-03
8.237744681537151337e-03
7.432618644088506699e-03
6.759132258594036102e-03
6.183573510497808456e-03
5.683245137333869934e-03
5.242856685072183609e-03
4.851755686104297638e-03
4.502225201576948166e-03
4.188363440334796906e-03
3.905506804585456848e-03
3.649867372587323189e-03
3.418285166844725609e-03
3.208081703633069992e-03
3.016956849023699760e-03
2.842933172360062599e-03
2.684264443814754486e-03
2.539432607591152191e-03
2.407074905931949615e-03
2.285995054990053177e-03
2.175114117562770844e-03
2.073471900075674057e-03
1.980192726477980614e-03
1.894499058835208416e-03
1.815683674067258835e-03
1.743113738484680653e-03
1.676210202276706696e-03
1.614450826309621334e-03
1.557367853820323944e-03
1.504531479440629482e-03
1.455557183362543583e-03
1.410108408890664577e-03
1.367860473692417145e-03
1.328533631749451160e-03
1.291869557462632656e-03
1.257642987184226513e-03
1.225633895955979824e-03
1.195661607198417187e-03
1.167548471130430698e-03
1.141139655373990536e-03
1.116298022679984570e-03
