6.913194060325622559e-02
6.174348294734954834e-02
5.537740886211395264e-02
4.969922453165054321e-02
4.454051330685615540e-02
3.984553739428520203e-02
3.557631373405456543e-02
3.169113025069236755e-02
2.813503518700599670e-02
2.484491653740406036e-02
2.176774665713310242e-02
1.887330599129199982e-02
1.615384593605995178e-02
1.361746713519096375e-02
1.128154527395963669e-02
9.168547578155994415e-03
7.300441153347492218e-03
5.692920647561550140e-03
4.351232200860977173e-03
3.268192056566476822e-03
2.424517646431922913e-03
1.791924587450921535e-03
1.338210655376315117e-03
1.032495754770934582e-03
8.486030856147408485e-04
7.655445369891822338e-04
7.655342924408614635e-04
8.309709955938160419e-04
9.420359274372458458e-04
1.076429733075201511e-03
1.211252296343445778e-03
1.325842691585421562e-03
1.404324080795049667e-03
1.437391736544668674e-03
1.422810601070523262e-03
1.364442054182291031e-03
1.270162174478173256e-03
1.149425166659057140e-03
1.011358108371496201e-03
8.639695588499307632e-04
7.144097471609711647e-04
5.696461303159594536e-04
4.366761422716081142e-04
3.220060898456722498e-04
2.305561647517606616e-04
1.646317978156730533e-04
1.234894734807312489e-04
1.037677939166314900e-04
1.005606754915788770e-04
1.087014970835298300e-04
1.237467658938840032e-04
1.423546345904469490e-04
1.620981493033468723e-04
1.810075482353568077e-04
1.971902674995362759e-04
2.087936882162466645e-04
2.142739249393343925e-04
2.128251653630286455e-04
2.046574081759899855e-04
1.909536076709628105e-04
1.735198165988549590e-04
1.543001417303457856e-04
1.349414378637447953e-04
1.166317451861687005e-04
1.001352648017928004e-04
8.597999840276315808e-05
7.459748303517699242e-05
6.633307202719151974e-05
6.134110299171879888e-05
5.944944132352247834e-05
6.011484947521239519e-05
6.251125887501984835e-05
6.572313577635213733e-05
6.895540718687698245e-05
7.165619899751618505e-05
7.353462569881230593e-05
7.448931864928454161e-05
7.451773853972554207e-05
7.366351928794756532e-05
7.201598782557994127e-05
6.973205745453014970e-05
6.704695260850712657e-05
6.424425373552367091e-05
6.158966425573453307e-05
5.927899837843142450e-05
5.740889901062473655e-05
5.598568532150238752e-05
5.496734593180008233e-05
5.429960947367362678e-05
5.393026367528364062e-05
5.380559377954341471e-05
5.385758413467556238e-05
5.399801739258691669e-05
5.413825783762149513e-05
5.420519664767198265e-05
5.416041676653549075e-05
5.400058216764591634e-05
5.373856402002274990e-05
5.339589552022516727e-05
5.298656469676643610e-05
5.252275514067150652e-05
5.201817111810669303e-05
5.149792923475615680e-05
5.099237023387104273e-05
5.053027416579425335e-05
5.012860128772445023e-05
4.979024743079207838e-05
4.950852962792851031e-05
4.927416375721804798e-05
4.907616312266327441e-05
4.890913987765088677e-05
4.876370439887978137e-05
4.863125286647118628e-05
4.849657125305384398e-05
4.834774517803452909e-05
4.817669832846149802e-05
4.798253939952701330e-05
4.777040885528549552e-05
4.754466863232664764e-05
4.731199078378267586e-05
4.707607877207919955e-05
4.684186205849982798e-05
4.661486309487372637e-05
4.639818507712334394e-05
4.619593164534308016e-05
4.600806278176605701e-05
4.583337795338593423e-05
4.566822826745919883e-05
4.550821176962926984e-05
4.535110201686620712e-05
4.519403591984882951e-05
4.503714808379299939e-05
4.487664409680292010e-05
4.471323336474597454e-05
4.454682130017317832e-05
4.437789175426587462e-05
4.420899495016783476e-05
4.404055289342068136e-05
4.387470471556298435e-05
4.371173054096288979e-05
4.355170676717534661e-05
4.339513543527573347e-05
4.324152541812509298e-05
4.309108408051542938e-05
4.294355312595143914e-05
4.279781205696053803e-05
4.265254756319336593e-05
4.250932397553697228e-05
4.236711538396775723e-05
4.222448478685691953e-05
4.208333848509937525e-05
4.194223220110870898e-05
4.180216274107806385e-05
4.166324288235045969e-05
4.152557812631130219e-05
4.138891745242290199e-05
4.125382838537916541e-05
4.112015449209138751e-05
4.098805584362708032e-05
4.085676846443675458e-05
4.072780211572535336e-05
4.059940692968666553e-05
4.047265247208997607e-05
4.034661833429709077e-05
4.022219218313694000e-05
4.009837721241638064e-05
3.997643943876028061e-05
3.985443254350684583e-05
3.973382627009414136e-05
3.961434413213282824e-05
3.949573147110641003e-05
3.937822839361615479e-05
3.926130011677742004e-05
3.914568515028804541e-05
3.903103424818255007e-05
3.891787855536676943e-05
3.880561780533753335e-05
3.869381907861679792e-05
3.858403215417638421e-05
3.847446350846439600e-05
3.836582254734821618e-05
3.825862950179725885e-05
3.815222953562624753e-05
3.804663356277160347e-05
3.794185249716974795e-05
3.783751890296116471e-05
3.773445132537744939e-05
3.763213317142799497e-05
3.753110649995505810e-05
3.743065826711244881e-05
3.733106495928950608e-05
3.723245754372328520e-05
3.713418846018612385e-05
3.703683250932954252e-05
3.694076076499186456e-05
3.684546027216129005e-05
3.675151674542576075e-05
3.665682743303477764e-05
3.656372791738249362e-05
3.647191260824911296e-05
3.637984264059923589e-05
3.628856575232930481e-05
3.619869676185771823e-05
3.610899511841125786e-05
3.602054857765324414e-05
3.593235669541172683e-05
3.584528167266398668e-05
3.575869777705520391e-05
3.567289604688994586e-05
3.558728712960146368e-05
3.550314795575104654e-05
3.541879050317220390e-05
3.533552080625668168e-05
3.525267675286158919e-05
3.517082950565963984e-05
3.508957888698205352e-05
3.500845923554152250e-05
3.492852556519210339e-05
3.484899571049027145e-05
3.477010250207968056e-05
3.469162038527429104e-05
3.461326559772714972e-05
3.453641329542733729e-05
3.445963011472485960e-05
3.438348358031362295e-05
3.430804645176976919e-05
3.423338785069063306e-05
3.415863830014131963e-05
3.408440898056142032e-05
3.401093999855220318e-05
3.393831138964742422e-05
3.386584648978896439e-05
3.379310146556235850e-05
3.372216815478168428e-05
3.365138400113210082e-05
3.358076355652883649e-05
3.351075793034397066e-05
3.344124343129806221e-05
3.337200905662029982e-05
3.330372055643238127e-05
3.323548298794776201e-05
3.316806760267354548e-05
3.309980820631608367e-05
3.303304038126952946e-05
3.296723662060685456e-05
3.290094537078402936e-05
3.283595287939533591e-05
3.276999632362276316e-05
3.270534944022074342e-05
3.264065162511542439e-05
3.257709977333433926e-05
3.251335147069767118e-05
3.245005791541188955e-05
3.238715362385846674e-05
3.232459130231291056e-05
3.226300032110884786e-05
3.220077633159235120e-05
3.213976378901861608e-05
3.207862027920782566e-05
3.201779691153205931e-05
3.195732278982177377e-05
3.189767812727950513e-05
3.183751687174662948e-05
3.177819962729699910e-05
3.171968273818492889e-05
3.166108945151790977e-05
3.160246342304162681e-05
3.154428850393742323e-05
3.148716496070846915e-05
3.142926289001479745e-05
3.137232124572619796e-05
3.131484118057414889e-05
3.125863077002577484e-05
3.120286419289186597e-05
3.114654828095808625e-05
3.109114913968369365e-05
3.103538256254978478e-05
3.098114757449366152e-05
3.092559563810937107e-05
3.087097866227850318e-05
3.081714021391235292e-05
3.076277789659798145e-05
3.070841921726241708e-05
3.065556666115298867e-05
3.060164817725308239e-05
3.054899570997804403e-05
3.049622682738117874e-05
3.044384538952726871e-05
3.039154034922830760e-05
3.033907341887243092e-05
3.028721039299853146e-05
3.023573663085699081e-05
3.018445750058162957e-05
3.013309469679370522e-05
3.008278144989162683e-05
3.003139499924145639e-05
2.998091986228246242e-05
2.993111957039218396e-05
2.988070082210469991e-05
2.983036029036156833e-05
2.978079464810434729e-05
2.973139817186165601e-05
2.968223816424142569e-05
2.963338920380920172e-05
2.958441655209753662e-05
2.953564944618847221e-05
2.948706423921976238e-05
2.943894651252776384e-05
2.939057230832986534e-05
2.934314579761121422e-05
2.929507354565430433e-05
2.924770524259656668e-05
2.919986764027271420e-05
2.915273216785863042e-05
2.910614421125501394e-05
2.905922156060114503e-05
2.901262814702931792e-05
2.896605110436212271e-05
2.891939402616117150e-05
2.887311347876675427e-05
2.882717126340139657e-05
2.878112718462944031e-05
2.873521225410513580e-05
2.868975570891052485e-05
2.864435737137682736e-05
2.859953383449465036e-05
2.855452294170390815e-05
2.850937744369730353e-05
2.846413008228410035e-05
2.842020694515667856e-05
2.837548890965990722e-05
2.833126200130209327e-05
2.828682772815227509e-05
2.824276634783018380e-05
2.819873407133854926e-05
2.815470179484691471e-05
2.811079320963472128e-05
2.806679185596294701e-05
2.802369454002473503e-05
2.798077184706926346e-05
2.793714884319342673e-05
2.789464087982196361e-05
2.785201104416046292e-05
2.780875365715473890e-05
2.776566361717414111e-05
2.772337757050991058e-05
2.768108242889866233e-05
2.763872544164769351e-05
2.759641574812121689e-05
2.755436798906885087e-05
2.751201463979668915e-05
2.747030521277338266e-05
2.742871583905071020e-05
2.738738839980214834e-05
2.734564986894838512e-05
2.730416417762171477e-05
2.726253296714276075e-05
2.722188401094172150e-05
2.718093128351029009e-05
2.713930734898895025e-05
2.709878208406735212e-05
2.705794031498953700e-05
2.701660196180455387e-05
2.697659874684177339e-05
2.693622082006186247e-05
2.689559005375485867e-05
2.685498657228890806e-05
2.681520709302276373e-05
2.677504926396068186e-05
2.673482958925887942e-05
2.669529931154102087e-05
2.665517786226700991e-05
2.661590951902326196e-05
2.657592995092272758e-05
2.653597221069503576e-05
2.649687303346581757e-05
2.645732456585392356e-05
2.641806349856778979e-05
2.637886427692137659e-05
2.633981421240605414e-05
2.630072231113445014e-05
2.626136665639933199e-05
2.622313877509441227e-05
2.618363760120701045e-05
2.614521690702531487e-05
2.610656702017877251e-05
2.606829366413876414e-05
2.602965287223923951e-05
2.599133222247473896e-05
2.595301339169964194e-05
2.591471456980798393e-05
2.587658127595204860e-05
2.583854802651330829e-05
2.580071486590895802e-05
2.576260521891526878e-05
2.572465382399968803e-05
2.568687159509863704e-05
2.564904571045190096e-05
2.561133442213758826e-05
2.557357038313057274e-05
2.553642298153135926e-05
2.549847158661577851e-05
2.546105133660603315e-05
2.542379297665320337e-05
2.538700573495589197e-05
2.534938721510116011e-05
2.531230893509928137e-05
2.527509604988154024e-05
2.523829243727959692e-05
2.520118869142606854e-05
2.516411950637120754e-05
2.512761420803144574e-05
2.509075602574739605e-05
2.505429620214272290e-05
2.501755443518050015e-05
2.498097637726459652e-05
2.494427462806925178e-05
2.490781298547517508e-05
2.487136953277513385e-05
2.483536991348955780e-05
2.479912473063450307e-05
2.476270856277551502e-05
2.472622509230859578e-05
2.469066384946927428e-05
2.465446232235990465e-05
2.461844997014850378e-05
2.458222661516629159e-05
2.454623063385952264e-05
2.451080399623606354e-05
2.447413680783938617e-05
2.443929224682506174e-05
2.440364733047317713e-05
2.436758950352668762e-05
2.433226472930982709e-05
2.429719279462005943e-05
2.426132050459273160e-05
2.422621037112548947e-05
2.419054908386897296e-05
2.415519884380046278e-05
2.411978857708163559e-05
2.408437285339459777e-05
2.404947008471935987e-05
2.401424353593029082e-05
2.397940988885238767e-05
2.394446164544206113e-05
2.390940426266752183e-05
2.387473068665713072e-05
2.383929131610784680e-05
2.380449404881801456e-05
2.376991869823541492e-05
2.373557617829646915e-05
2.370051151956431568e-05
2.366558874200563878e-05
2.363092971791047603e-05
2.359644531679805368e-05
2.356166078243404627e-05
2.352748924749903381e-05
2.349308670090977103e-05
2.345858410990331322e-05
2.342428524571005255e-05
2.338990998396184295e-05
2.335538374609313905e-05
2.332132316951174289e-05
2.328722257516346872e-05
2.325250716239679605e-05
2.321900865354109555e-05
2.318464612471871078e-05
2.315049277967773378e-05
2.311627758899703622e-05
2.308259718120098114e-05
2.304878944414667785e-05
2.301499989698641002e-05
2.298124309163540602e-05
2.294692603754810989e-05
2.291314558533485979e-05
2.287988536409102380e-05
2.284612673975061625e-05
2.281219167343806475e-05
2.277845487697049975e-05
2.274472717544995248e-05
2.271194898639805615e-05
2.267794297949876636e-05
2.264432987431064248e-05
2.261103145428933203e-05
2.257798041682690382e-05
2.254406535939779133e-05
2.251090518257115036e-05
2.247778320452198386e-05
2.244436655018944293e-05
2.241063884866889566e-05
2.237776243418920785e-05
2.234471503470558673e-05
2.231174585176631808e-05
2.227848381153307855e-05
2.224511626991443336e-05
2.221248723799362779e-05
2.217910332547035068e-05
2.214614687545690686e-05
2.211348692071624100e-05
2.208049409091472626e-05
2.204724114562850446e-05
2.201486859121359885e-05
2.198187576141208410e-05
2.194919579778797925e-05
2.191619933000765741e-05
2.188370126532390714e-05
2.185114135500043631e-05
2.181821037083864212e-05
2.178598151658661664e-05
2.175284134864341468e-05
2.172106360376346856e-05
2.168784340028651059e-05
2.165565092582255602e-05
2.162290729756932706e-05
2.159054565709084272e-05
2.155826950911432505e-05
2.152601700800005347e-05
2.149353349523153156e-05
2.146097358490806073e-05
2.142891753464937210e-05
2.139639400411397219e-05
2.136428338417317718e-05
2.133220914402045310e-05
2.129996573785319924e-05
2.126809158653486520e-05
2.123584272339940071e-05
2.120367935276590288e-05
2.117136500601191074e-05
2.113976006512530148e-05
2.110733112203888595e-05
2.107566979248076677e-05
2.104367376887239516e-05
2.101167592627462000e-05
2.097948708978947252e-05
2.094788396789226681e-05
2.091609712806530297e-05
2.088445762638002634e-05
2.085255073325242847e-05
2.082141509163193405e-05
2.078891702694818377e-05
2.075756492558866739e-05
2.072597999358549714e-05
2.069399488391354680e-05
2.066225715680047870e-05
2.063070496660657227e-05
2.059939470200333744e-05
2.056802804872859269e-05
2.053633943432942033e-05
2.050498551398050040e-05
2.047356611001305282e-05
2.044176835624966770e-05
2.041078914771787822e-05
2.037897502304986119e-05
2.034774661296978593e-05
2.031636904575861990e-05
2.028524249908514321e-05
2.025383219006471336e-05
2.022265289269853383e-05
2.019085877691395581e-05
2.016065809584688395e-05
2.012904951698146760e-05
2.009854142670519650e-05
2.006648173846770078e-05
2.003560621233191341e-05
2.000507265620399266e-05
1.997352046601008624e-05
1.994251942960545421e-05
1.991167118831072003e-05
1.988081930903717875e-05
1.984972550417296588e-05
1.981894638447556645e-05
1.978789441636763513e-05
1.975691156985703856e-05
1.972632162505760789e-05
1.969538789126090705e-05
1.966450327017810196e-05
1.963382055691909045e-05
1.960326699190773070e-05
1.957250060513615608e-05
1.954168328666128218e-05
1.951077683770563453e-05
1.948053068190347403e-05
1.945022995641920716e-05
1.941944537975359708e-05
1.938864261319395155e-05
1.935822001541964710e-05
1.932786835823208094e-05
1.929712016135454178e-05
1.926647200889419764e-05
1.923626950883772224e-05
1.920616341521963477e-05
1.917565532494336367e-05
1.914505446620751172e-05
1.911462095449678600e-05
1.908456033561378717e-05
1.905400858959183097e-05
1.902382791740819812e-05
1.899376911751460284e-05
1.896315006888471544e-05
1.893285116238985211e-05
1.890358907985500991e-05
1.887294092739466578e-05
1.884266566776204854e-05
1.881238313217181712e-05
1.878267175925429910e-05
1.875248199212364852e-05
1.872254142654128373e-05
1.869260631792712957e-05
1.866234379122033715e-05
1.863279794633854181e-05
1.860210977611131966e-05
1.857279494288377464e-05
1.854268703027628362e-05
1.851302113209385425e-05
1.848338251875247806e-05
1.845369297370780259e-05
1.842357960413210094e-05
1.839370997913647443e-05
1.836385854403488338e-05
1.833431451814249158e-05
1.830547807912807912e-05
1.827471714932471514e-05
1.824524406401906163e-05
1.821566365833859891e-05
1.818630335037596524e-05
1.815692485251929611e-05
1.812731352401897311e-05
1.809740388125646859e-05
1.806795080483425409e-05
1.803868690331000835e-05
1.800911559257656336e-05
1.797965887817554176e-05
1.795040589058771729e-05
1.792102739273104817e-05
1.789158523024525493e-05
1.786213761079125106e-05
1.783265179255977273e-05
1.780397542461287230e-05
1.777434408722911030e-05
1.774538395693525672e-05
1.771573079167865217e-05
1.768685797287616879e-05
1.765751221682876348e-05
1.762858300935477018e-05
1.759936094458680600e-05
1.757059544615913182e-05
1.754120057739783078e-05
1.751207310007885098e-05
1.748330942064058036e-05
1.745444205880630761e-05
1.742534732329659164e-05
1.739627987262792885e-05
1.736747253744397312e-05
1.733858516672626138e-05
1.730974508973304182e-05
1.728077586449217051e-05
1.725194306345656514e-05
1.722324486763682216e-05
1.719457759463693947e-05
1.716554652375634760e-05
1.713704477879218757e-05
1.710835203994065523e-05
1.707981573417782784e-05
1.705110662442166358e-05
1.702210647636093199e-05
1.699365202512126416e-05
1.696509389148559421e-05
1.693650301604066044e-05
1.690756107564084232e-05
1.687924668658524752e-05
1.685120878391899168e-05
1.682275251368992031e-05
1.679448723734822124e-05
1.676581268839072436e-05
1.673734186624642462e-05
1.670874917181208730e-05
1.668066761340014637e-05
1.665263334871269763e-05
1.662400245550088584e-05
1.659579174884129316e-05
1.656765562074724585e-05
1.653944491408765316e-05
1.651135244173929095e-05
1.648316356295254081e-05
1.645465272304136306e-05
1.642664028622675687e-05
1.639893889660015702e-05
1.637070636206772178e-05
1.634274121897760779e-05
1.631463237572461367e-05
1.628656355023849756e-05
1.625862932996824384e-05
1.623067691980395466e-05
1.620284092496149242e-05
1.617506495676934719e-05
1.614690700080245733e-05
1.611913830856792629e-05
1.609142600500490516e-05
1.606360638106707484e-05
1.603586679266300052e-05
1.600805626367218792e-05
1.598035669303499162e-05
1.595254798303358257e-05
1.592492299096193165e-05
1.589746170793659985e-05
1.586991675139870495e-05
1.584196616022381932e-05
1.581458309374283999e-05
1.578686533321160823e-05
1.575934766151476651e-05
1.573176632518880069e-05
1.570449057908263057e-05
1.567694744153413922e-05
1.564973717904649675e-05
1.562202851346228272e-05
1.559473821544088423e-05
1.556746792630292475e-05
1.554026130179408938e-05
1.551278000988531858e-05
1.548572254250757396e-05
1.545852865092456341e-05
1.543123107694555074e-05
1.540388802823144943e-05
1.537709613330662251e-05
1.534979855932760984e-05
1.532229362055659294e-05
1.529533255961723626e-05
1.526828418718650937e-05
1.524138951936038211e-05
1.521415742899989709e-05
1.518746648798696697e-05
1.516040902060922235e-05
1.513354345661355183e-05
1.510651327407686040e-05
1.507967681391164660e-05
1.505264754086965695e-05
1.502584291301900521e-05
1.499871996202273294e-05
1.497235371061833575e-05
1.494563184678554535e-05
1.491861439717467874e-05
1.489200894866371527e-05
1.486500150349456817e-05
1.483901905885431916e-05
1.481189428886864334e-05
1.478548074373975396e-05
1.475890258006984368e-05
1.473251541028730571e-05
1.470580900786444545e-05
1.467933452659053728e-05
1.465281729906564578e-05
1.462642831029370427e-05
1.459980467188870534e-05
1.457337293686578050e-05
1.454721132176928222e-05
1.452061587770003825e-05
1.449456249247305095e-05
1.446841997676528990e-05
1.444171630282653496e-05
1.441561835235916078e-05
1.438914296159055084e-05
1.436325874237809330e-05
1.433726538380142301e-05
1.431063265044940636e-05
1.428454743290785700e-05
1.425871505489340052e-05
1.423237517883535475e-05
1.420638545823749155e-05
1.418055762769654393e-05
1.415448150510201231e-05
1.412829533364856616e-05
1.410258209944004193e-05
1.407655963703291491e-05
1.405070543114561588e-05
1.402485759172122926e-05
1.399897701048757881e-05
1.397366031596902758e-05
1.394760329276323318e-05
1.392212925566127524e-05
1.389624685543822125e-05
1.387047541356878355e-05
1.384472489007748663e-05
1.381895526719745249e-05
1.379335753881605342e-05
1.376773070660419762e-05
1.374262046738294885e-05
1.371678899886319414e-05
1.369111669191624969e-05
1.366534979752032086e-05
1.364010586257791147e-05
1.361475824523949996e-05
1.358934423478785902e-05
1.356404300167923793e-05
1.353898824163479730e-05
1.351321316178655252e-05
1.348811474599642679e-05
1.346258341072825715e-05
1.343722942692693323e-05
1.341220195172354579e-05
1.338703532383078709e-05
1.336228069703793153e-05
1.333664840785786510e-05
1.331153089267900214e-05
1.328643338638357818e-05
1.326116762356832623e-05
1.323638934991322458e-05
1.321105446550063789e-05
1.318629801971837878e-05
1.316131601925007999e-05
1.313655866397311911e-05
1.311121377511881292e-05
1.308638820773921907e-05
1.306161630054702982e-05
1.303657063544960693e-05
1.301189695368520916e-05
1.298722145293140784e-05
1.296253685723058879e-05
1.293768309551523998e-05
1.291287844651378691e-05
1.288837029278511181e-05
1.286349015572341159e-05
1.283921210415428504e-05
1.281453751289518550e-05
1.279046318813925609e-05
1.276547482120804489e-05
1.274088208447210491e-05
1.271660403290297836e-05
1.269223503186367452e-05
1.266777508135419339e-05
1.264319780602818355e-05
1.261870875168824568e-05
1.259466898773098364e-05
1.257009716937318444e-05
1.254599555977620184e-05
1.252163747267331928e-05
1.249725028173997998e-05
1.247300770046422258e-05
1.244894247065531090e-05
1.242463258677162230e-05
1.240050278283888474e-05
1.237644391949288547e-05
1.235222225659526885e-05
1.232837803399888799e-05
1.230484485859051347e-05
1.227997472597053275e-05
1.225589858222519979e-05
1.223274375661276281e-05
1.220830472448142245e-05
1.218458510265918449e-05
1.216054897668072954e-05
1.213682480738498271e-05
1.211302696901839226e-05
1.208951471198815852e-05
1.206557226396398619e-05
1.204184809466823936e-05
1.201815757667645812e-05
1.199457074108067900e-05
1.197085475723724812e-05
1.194716514874016866e-05
1.192364106827881187e-05
1.189991598948836327e-05
1.187667021440574899e-05
1.185322071250993758e-05
1.182965024781879038e-05
1.180641265818849206e-05
1.178263028123183176e-05
1.175931265606777743e-05
1.173604505311232060e-05
1.171285202872240916e-05
1.168937069451203570e-05
1.166601214208640158e-05
1.164284549304284155e-05
1.161951240646885708e-05
1.159632302005775273e-05
1.157322185463272035e-05
1.154996698460308835e-05
1.152695404016412795e-05
1.150378921010997146e-05
1.148058527178363875e-05
1.145762234955327585e-05
1.143447207141434774e-05
1.141161192208528519e-05
1.138867810368537903e-05
1.136584251071326435e-05
1.134293415816500783e-05
1.131980752688832581e-05
1.129681731981690973e-05
1.127410541812423617e-05
1.125155358749907464e-05
1.122842877521179616e-05
1.120597335102502257e-05
1.118331874749856070e-05
1.116059684136416763e-05
1.113786856876686215e-05
1.111536766984499991e-05
1.109274126065429300e-05
1.107021307689137757e-05
1.104756756831193343e-05
1.102494115912122652e-05
1.100247573049273342e-05
1.098033771995687857e-05
1.095772495318669826e-05
1.093542323360452428e-05
1.091271133191185072e-05
1.089042052626609802e-05
1.086818065232364461e-05
1.084577070287195966e-05
1.082357994164340198e-05
1.080134734365856275e-05
1.077956858352990821e-05
1.075662294169887900e-05
1.073472412826959044e-05
1.071265705832047388e-05
1.069034442480187863e-05
1.066832464857725427e-05
1.064664957084460184e-05
1.062433511833660305e-05
1.060254999174503610e-05
1.058041834767209366e-05
1.055818484019255266e-05
1.053651521942811087e-05
1.051479466696036980e-05
1.049261663865763694e-05
1.047066780301975086e-05
1.044939381245058030e-05
1.042734947986900806e-05
1.040572897181846201e-05
1.038386835716664791e-05
1.036214143823599443e-05
1.034057368087815121e-05
1.031870760925812647e-05
1.029717168421484530e-05
1.027574398904107511e-05
1.025416622724151239e-05
1.023276217892998829e-05
1.021116258925758302e-05
1.018978582578711212e-05
1.016842998069478199e-05
1.014691861200844869e-05
1.012559641822008416e-05
1.010410232993308455e-05
1.008268554869573563e-05
1.006157708616228774e-05
1.004024670692160726e-05
1.001908458420075476e-05
9.997732377087231725e-06
9.976650289900135249e-06
9.955244422599207610e-06
9.934267836797516793e-06
9.913087524182628840e-06
9.892085472529288381e-06
9.870974281511735171e-06
9.849974048847798258e-06
9.828992006077896804e-06
9.807871720113325864e-06
9.787264389160554856e-06
9.766155017132405192e-06
9.745409442984964699e-06
9.724321898829657584e-06
9.703548130346462131e-06
9.682526979304384440e-06
9.662332558946218342e-06
9.641191354603506625e-06
9.620428500056732446e-06
9.599807526683434844e-06
9.578919161867816001e-06
9.558670171827543527e-06
9.537848200125154108e-06
9.517254511592909694e-06
9.496622624283190817e-06
9.476409104536287487e-06
9.455586223339196295e-06
9.435163519810885191e-06
9.414746273250784725e-06
9.394335393153596669e-06
9.374035471410024911e-06
9.353762834507506341e-06
9.333304660685826093e-06
9.312895599578041583e-06
9.292871254729107022e-06
9.272649549529887736e-06
9.251994924852624536e-06
9.232098818756639957e-06
9.212061740981880575e-06
9.191388016915880144e-06
9.171630154014565051e-06
9.151670383289456367e-06
9.131440492637921125e-06
9.111427061725407839e-06
9.091474566957913339e-06
9.071447493624873459e-06
9.051430424733553082e-06
9.031459740072023124e-06
9.011760084831621498e-06
8.991792128654196858e-06
8.971924216893967241e-06
8.952274583862163126e-06
8.932428499974776059e-06
8.912660632631741464e-06
8.892852747521828860e-06
8.873376827978063375e-06
8.853575309331063181e-06
8.833891115500591695e-06
8.814216926111839712e-06
8.794609129836317152e-06
8.775064088695216924e-06
8.755563612794503570e-06
8.736016752663999796e-06
8.716762749827466905e-06
8.697062185092363507e-06
8.677711775817442685e-06
8.658113983983639628e-06
8.639150109956972301e-06
8.619648724561557174e-06
8.600298315286636353e-06
8.581116162531543523e-06
8.561853064747992903e-06
8.542555406165774912e-06
8.523234100721310824e-06
8.504292054567486048e-06
8.485089892928954214e-06
8.465912287647370249e-06
8.446872016065753996e-06
8.427900866081472486e-06
8.408671419601887465e-06
8.389833055844064802e-06
8.370850991923362017e-06
8.351776159543078393e-06
8.332886864081956446e-06
8.314013939525466412e-06
8.295052793982904404e-06
8.276469088741578162e-06
8.257096851593814790e-06
8.238798727688845247e-06
8.219776646001264453e-06
8.201072887459304184e-06
8.182588317140471190e-06
8.163829079421702772e-06
8.145119863911531866e-06
8.126426109811291099e-06
8.108107977022882551e-06
8.089587026915978640e-06
8.070680451055523008e-06
8.052203156694304198e-06
8.033880476432386786e-06
8.015307685127481818e-06
7.996968633960932493e-06
7.978472240210976452e-06
7.960168659337796271e-06
7.941839612612966448e-06
7.923641533125191927e-06
7.905275197117589414e-06
7.886675120971631259e-06
7.868635293561965227e-06
7.850495421735104173e-06
7.832359187887050211e-06
7.814131095074117184e-06
7.795985766279045492e-06
7.777787686791270971e-06
7.759790605632588267e-06
7.741758963675238192e-06
7.723669114056974649e-06
7.705821190029382706e-06
7.687659490329679102e-06
7.670063496334478259e-06
7.651678970432840288e-06
7.633917448401916772e-06
7.616001312271691859e-06
7.598315733048366383e-06
7.580572400911478326e-06
7.562696737295482308e-06
7.545000244135735556e-06
7.527242360083619133e-06
7.509459919674554840e-06
7.492038548662094399e-06
7.474116500816307962e-06
7.456481853296281770e-06
7.438923148583853617e-06
7.421516784233972430e-06
7.404019015666563064e-06
7.386549441434908658e-06
7.368902515736408532e-06
7.351511158049106598e-06
7.334084784815786406e-06
7.316640221688430756e-06
7.299437584151746705e-06
7.281947546289302409e-06
7.264984105859184638e-06
7.247263965837191790e-06
7.229952188936294988e-06
7.212750006146961823e-06
7.195629223133437335e-06
7.178347914305049926e-06
7.161169378377962857e-06
7.144220489863073453e-06
7.127096068870741874e-06
7.110015303624095395e-06
7.092848136380780488e-06
7.075814210111275315e-06
7.058886239974526688e-06
7.042024662951007485e-06
7.025137165328487754e-06
7.008079592196736485e-06
6.991147984081180766e-06
6.974394182179821655e-06
6.957607638469198719e-06
6.940727871551644057e-06
6.923917226231424138e-06
6.907114766363520175e-06
6.890535132697550580e-06
6.873615802760468796e-06
6.857027983642183244e-06
6.840350124548422173e-06
6.823795956734102219e-06
6.807119461882393807e-06
6.790738552808761597e-06
6.774122539354721084e-06
6.757714345440035686e-06
6.741285233147209510e-06
6.724711056449450552e-06
6.707952707074582577e-06
6.691837825201218948e-06
6.675489657936850563e-06
6.659113751084078103e-06
6.642914286203449592e-06
6.626477897953009233e-06
6.610063337575411424e-06
6.593859325221274048e-06
6.577735803148243576e-06
6.561239842994837090e-06
6.545649739564396441e-06
6.529053280246444046e-06
6.512893378385342658e-06
6.496852620330173522e-06
6.480880983872339129e-06
6.464811121986713260e-06
6.448874046327546239e-06
6.432946065615396947e-06
6.416990800062194467e-06
6.401077826012624428e-06
6.385012511600507423e-06
6.369265975081361830e-06
6.353237495204666629e-06
6.337552804325241596e-06
6.321867203951114789e-06
6.306016530288616195e-06
6.290156306931748986e-06
6.274626230151625350e-06
6.258947450987761840e-06
6.243127700145123526e-06
6.227592166396789253e-06
6.211778782017063349e-06
6.196250978973694146e-06
6.180895525176310912e-06
6.165244940348202363e-06
6.149746695882640779e-06
6.134305294835940003e-06
6.118686087575042620e-06
6.103403848101152107e-06
6.088006557547487319e-06
6.072489668440539390e-06
6.057357040845090523e-06
6.042028417141409591e-06
6.026465143804671243e-06
6.011280220263870433e-06
5.996063009661156684e-06
5.980902187729952857e-06
5.965617219771957025e-06
5.950631020823493600e-06
5.935342414886690676e-06
5.920160219829995185e-06
5.904930731048807502e-06
5.889931799174519256e-06
5.874859652976738289e-06
5.859891643922310323e-06
5.844966381118865684e-06
5.830009286000858992e-06
5.815076747239800170e-06
5.800184226245619357e-06
5.785381745226914063e-06
5.770503776147961617e-06
5.755769052484538406e-06
5.740694632550003007e-06
5.726037215936230496e-06
5.711290668841684237e-06
5.696548669220646843e-06
5.681904895027400926e-06
5.667467121384106576e-06
5.652503659803187475e-06
5.637945832859259099e-06
5.623335709969978780e-06
5.608642368315486237e-06
5.594189133262261748e-06
5.579649950959719718e-06
5.564954335568472743e-06
5.550523837882792577e-06
5.536070148082217202e-06
5.521858838619664311e-06
5.507444257091265172e-06
5.493064691108884290e-06
5.478658295032801107e-06
5.464340574690140784e-06
5.450238404591800645e-06
5.435905222839210182e-06
5.421573860076023266e-06
5.407404387369751930e-06
5.392957064032088965e-06
5.379140475270105526e-06
5.364829121390357614e-06
5.350709670892683789e-06
5.336588401405606419e-06
5.322580818756250665e-06
5.308540039550280198e-06
5.294638867781031877e-06
5.280569439491955563e-06
5.266555945127038285e-06
5.252649316389579326e-06
5.238776338956085965e-06
5.224837877904064953e-06
5.211030384089099243e-06
5.197152404434746131e-06
5.183339453651569784e-06
5.169532869331305847e-06
5.155815870239166543e-06
5.141841029399074614e-06
5.128340490045957267e-06
5.114655778015730903e-06
5.100876933283871040e-06
5.087486897537019104e-06
5.073654392617754638e-06
5.060076546214986593e-06
5.046761998528381810e-06
5.032912667957134545e-06
5.019478066969895735e-06
5.005985258321743459e-06
4.992443336959695444e-06
4.979136065230704844e-06
4.965728294337168336e-06
4.952309154759859666e-06
4.938911388308042660e-06
4.925614121020771563e-06
4.912321401207009330e-06
4.899100531474687159e-06
4.885720045422203839e-06
4.872583758697146550e-06
4.859331511397613212e-06
4.846158844884485006e-06
4.832907507079653442e-06
4.819886271434370428e-06
4.806786364497384056e-06
4.793562311533605680e-06
4.780507879331707954e-06
4.767663995153270662e-06
4.754458132083527744e-06
4.741589691548142582e-06
4.728538897325051948e-06
4.715702743851579726e-06
4.702685146185103804e-06
4.689756224252050743e-06
4.676919616031227633e-06
4.663745130528695881e-06
4.651315521186916158e-06
4.638577138393884525e-06
4.625791916623711586e-06
4.612987595464801416e-06
4.600221473083365709e-06
4.587614512274740264e-06
4.574920694722095504e-06
4.562163212540326640e-06
4.549586265056859702e-06
4.536937467491952702e-06
4.524323685473063961e-06
4.511909082793863490e-06
4.499358510656747967e-06
4.486911166168283671e-06
4.474267370824236423e-06
4.461910066311247647e-06
4.449554126040311530e-06
4.437069492269074544e-06
4.424792678037192672e-06
4.412385806062957272e-06
4.400059879117179662e-06
4.387651642900891602e-06
4.375529442768311128e-06
4.363152584119234234e-06
4.350951712694950402e-06
4.338819508120650426e-06
4.326574980950681493e-06
4.314393208915134892e-06
4.302318757254397497e-06
4.290174729248974472e-06
4.277916104911128059e-06
4.266030373401008546e-06
4.253996394254500046e-06
4.241870101395761594e-06
4.229940714139956981e-06
4.217984951537800953e-06
4.206025550956837833e-06
4.194236680632457137e-06
4.182104930805508047e-06
4.170375177636742592e-06
4.158443061896832660e-06
4.146723767917137593e-06
4.134903065278194845e-06
4.123108737985603511e-06
4.111472662771120667e-06
4.099603302165633067e-06
4.087861725565744564e-06
4.076235200045630336e-06
4.064555469085462391e-06
4.052888925798470154e-06
4.041405190946534276e-06
4.029741376143647358e-06
4.018193976662587374e-06
4.006682502222247422e-06
3.995067800133256242e-06
3.983667738793883473e-06
3.972044851252576336e-06
3.960679350711870939e-06
3.949156052840407938e-06
3.937825113098369911e-06
3.926385943486820906e-06
3.915037268598098308e-06
3.903764991264324635e-06
3.892349923262372613e-06
3.881170869135530666e-06
3.869875854434212670e-06
3.858678610413335264e-06
3.847616426355671138e-06
3.836220912489807233e-06
3.825067778961965814e-06
3.813953071585274301e-06
3.802842911682091653e-06
3.791725930568645708e-06
3.780584620471927337e-06
3.769653176277643070e-06
3.758538241527276114e-06
3.747616347027360462e-06
3.736587814273661934e-06
3.725694341483176686e-06
3.714744252647506073e-06
3.703767333718133159e-06
3.692814289024681784e-06
3.681996531668119133e-06
3.671161266538547352e-06
3.660289848994580097e-06
3.649528935056878254e-06
3.638728458099649288e-06
3.627973001130158082e-06
3.617176616899087094e-06
3.606568270697607659e-06
3.595871930883731693e-06
3.585169224606943317e-06
3.574486981960944831e-06
3.563888640201184899e-06
3.553383521648356691e-06
3.542744480000692420e-06
3.532253685989417136e-06
3.521653752613929100e-06
3.511281647661235183e-06
3.500680577417369932e-06
3.490204107947647572e-06
3.479745600998285227e-06
3.469457169558154419e-06
3.459047775322687812e-06
3.448675897743669339e-06
3.438349494899739511e-06
3.427934416322386824e-06
3.417764901314512827e-06
3.407487611184478737e-06
3.397134605620522052e-06
3.386739763300283812e-06
3.376693939571850933e-06
3.366434839335852303e-06
3.356586148584028706e-06
3.346185621921904385e-06
3.336118425067979842e-06
3.325903662698692642e-06
3.315824415039969608e-06
3.305775862827431411e-06
3.295770738986902870e-06
3.285936600150307640e-06
3.275785047662793659e-06
3.265893610659986734e-06
3.255865976825589314e-06
3.245988864364335313e-06
3.236145630580722354e-06
3.226220769647625275e-06
3.216270670236553997e-06
3.206513838449609466e-06
3.196630814272793941e-06
3.187037464158493094e-06
3.177075313942623325e-06
3.167429895256645977e-06
3.157711262247175910e-06
3.148136556774261408e-06
3.138366992061492056e-06
3.128681328234961256e-06
3.118941776847350411e-06
3.109472345386166126e-06
3.099925152127980255e-06
3.090265636274125427e-06
3.080786655118572526e-06
3.071198079851455986e-06
3.061696588702034205e-06
3.052218289667507634e-06
3.042817070308956318e-06
3.033399707419448532e-06
3.023887984454631805e-06
3.014539288415107876e-06
3.005060762006905861e-06
2.995793238369515166e-06
2.986374965985305607e-06
2.977058102260343730e-06
2.967803766296128742e-06
2.958454160761903040e-06
2.949280087705119513e-06
2.940289050457067788e-06
2.930846449089585803e-06
2.921806299127638340e-06
2.912637910412740894e-06
2.903406311816070229e-06
2.894310227929963730e-06
2.885184358092374168e-06
2.876152393582742661e-06
2.867034254450118169e-06
2.858011612261179835e-06
2.848905751307029277e-06
2.839990429492900148e-06
2.831043047990533523e-06
2.822110900524421595e-06
2.813156243064440787e-06
2.804219775498495437e-06
2.795502041408326477e-06
2.786433242363273166e-06
2.777695726763340645e-06
2.768804279185133055e-06
2.759909193628118373e-06
2.751195552264107391e-06
2.742546485023922287e-06
2.733662768150679767e-06
2.724988917179871351e-06
2.716221388254780322e-06
2.707689191083773039e-06
2.699153583307634108e-06
2.690397877813666128e-06
2.681687874428462237e-06
2.673074959602672607e-06
2.664497287696576677e-06
2.656044671311974525e-06
2.647497467478387989e-06
2.638879777805414051e-06
2.630519929880392738e-06
2.622026386234210804e-06
2.613509650473133661e-06
2.605205736472271383e-06
2.596711965452414006e-06
2.588340521469945088e-06
2.579967940619098954e-06
2.571676986917736940e-06
2.563270300015574321e-06
2.554802904342068359e-06
2.546771384004387073e-06
2.538416538300225511e-06
2.530195160943549126e-06
2.522062004572944716e-06
2.513714662200072780e-06
2.505612883396679536e-06
2.497439936632872559e-06
2.489287680873530917e-06
2.481149067534715869e-06
2.472995902280672453e-06
2.464941871949122287e-06
2.457004939060425386e-06
2.448756731610046700e-06
2.440819571347674355e-06
2.432942210361943580e-06
2.424882268314831890e-06
2.416858251308440231e-06
2.408829232081188820e-06
2.401051915512653068e-06
2.393070190009893849e-06
2.385219431744189933e-06
2.377323198743397370e-06
2.369479489061632194e-06
2.361625320190796629e-06
2.353768877583206631e-06
2.346055907764821313e-06
2.338171952942502685e-06
2.330557435925584286e-06
2.322888121852884069e-06
2.315112851647427306e-06
2.307393287992454134e-06
2.299795141880167648e-06
2.292108092660782859e-06
2.284435595356626436e-06
2.276883606100454926e-06
2.269056494696997106e-06
2.261661620650556870e-06
2.254179889860097319e-06
2.246565145469503477e-06
2.239078639831859618e-06
2.231590997325838543e-06
2.224204081358038820e-06
2.216643224528525025e-06
2.209271542596979998e-06
2.201865527240443043e-06
2.194376065745018423e-06
2.187057134506176226e-06
2.179702505600289442e-06
2.172384938603499904e-06
2.164950956284883432e-06
2.157668859581463039e-06
2.150484760932158679e-06
2.143258370779221877e-06
2.135980821549310349e-06
2.128701225956319831e-06
2.121506213370594196e-06
2.114200242431252263e-06
2.107136197082581930e-06
2.099968469337909482e-06
2.092830072797369212e-06
2.085745563817908987e-06
2.078535089822253212e-06
2.071562676064786501e-06
2.064509089905186556e-06
2.057422761936322786e-06
2.050474904535803944e-06
2.043481799773871899e-06
2.036515752479317598e-06
2.029494453381630592e-06
2.022629587372648530e-06
2.015637846852769144e-06
2.008778210438322276e-06
2.001744860535836779e-06
1.994923422898864374e-06
1.988092208193847910e-06
1.981326931854709983e-06
1.974435917873051949e-06
1.967733396668336354e-06
1.960866256922599860e-06
1.954065737663768232e-06
1.947369128174614161e-06
1.940529728017281741e-06
1.933885187099804170e-06
1.927317725858301856e-06
1.920567228808067739e-06
1.913911319206818007e-06
1.907302930703735910e-06
1.900623942674428690e-06
1.894143110803270247e-06
1.887428538793756161e-06
1.880904619611101225e-06
1.874375470833911095e-06
1.867883725026331376e-06
1.861385953816352412e-06
1.854909442045027390e-06
1.848331748988130130e-06
1.841903440435999073e-06
1.835490706980635878e-06
1.829218035709345713e-06
1.822684907892835326e-06
1.816306621549301781e-06
1.809966647670080420e-06
1.803595523597323336e-06
1.797239292500307783e-06
1.790881469787564129e-06
1.784735673027171288e-06
1.778432874743884895e-06
1.772069481376092881e-06
1.765865590641624294e-06
1.759691485858638771e-06
1.753284436745161656e-06
1.747266651364043355e-06
1.741059918458631728e-06
1.734859438329294790e-06
1.728780148368969094e-06
1.722692104522138834e-06
1.716547217256447766e-06
1.710526703391224146e-06
1.704406031421967782e-06
1.698336745903361589e-06
1.692306796030607074e-06
1.686278551460418385e-06
1.680290779404458590e-06
1.674291752351564355e-06
1.668304207669280004e-06
1.662430690885230433e-06
1.656459971854928881e-06
1.650601348046620842e-06
1.644670533096359577e-06
1.638713911233935505e-06
1.632754560887406114e-06
1.626996436243643984e-06
1.621372689442068804e-06
1.615449491509934887e-06
1.609643959454842843e-06
1.603774876457464416e-06
1.598013454895408358e-06
1.592346052348148078e-06
1.586559960742306430e-06
1.580852313054492697e-06
1.575087708260980435e-06
1.569544792801025324e-06
1.563824525874224491e-06
1.558257963552023284e-06
1.552467324472672772e-06
1.546944645269832108e-06
1.541297137919173110e-06
1.535678734398970846e-06
1.530232680124754552e-06
1.524569825051003136e-06
1.519074885436566547e-06
1.513553002041589934e-06
1.508048853793297894e-06
1.502610643910884392e-06
1.497116954851662740e-06
1.491648163209902123e-06
1.486287828811327927e-06
1.480873720538511407e-06
1.475473254686221480e-06
1.470016968596610241e-06
1.464644583393237554e-06
1.459257759961474221e-06
1.453863319511583541e-06
1.448666353098815307e-06
1.443325572836329229e-06
1.438069034520594869e-06
1.432745534657442477e-06
1.427429424438741989e-06
1.422244622517609969e-06
1.417010935256257653e-06
1.411751327395904809e-06
1.406528213010460604e-06
1.401356712449342012e-06
1.396134280184924137e-06
1.391066803080320824e-06
1.385876544190978166e-06
1.380728349431592505e-06
1.375758984067942947e-06
1.370600557493162341e-06
1.365638468087126967e-06
1.360466512778657489e-06
1.355456333840265870e-06
1.350482534689945169e-06
1.345422333542956039e-06
1.340369635727256536e-06
1.335471438324020710e-06
1.330475697614019737e-06
1.325481434832909144e-06
1.320573346674791537e-06
1.315632516707410105e-06
1.310737616222468205e-06
1.305853629673947580e-06
1.300979079132957850e-06
1.296104073844617233e-06
1.291317403229186311e-06
1.286432507185963914e-06
1.281655386264901608e-06
1.276836428587557748e-06
1.272024633180990350e-06
1.267228185497515369e-06
1.262590217265824322e-06
1.257663257092644926e-06
1.253028926839760970e-06
1.248300122824730352e-06
1.243624751623428892e-06
1.238959043803333770e-06
1.234231149283004925e-06
1.229652411893766839e-06
1.224982725034351461e-06
1.220324975292896852e-06
1.215790689457207918e-06
1.211140101986529771e-06
1.206587967317318544e-06
1.201992290589259937e-06
1.197426286125846673e-06
1.192953163808851968e-06
1.188423311759834178e-06
1.183881408906017896e-06
1.179443188448203728e-06
1.174936642200918868e-06
1.170474888567696325e-06
1.166011884379258845e-06
1.161519435299851466e-06
1.157114752459165175e-06
1.152697791440004949e-06
1.148244791693286970e-06
1.143961753768962808e-06
1.139529672400385607e-06
1.135204342972429004e-06
1.130879240918147843e-06
1.126577444665599614e-06
1.122334083447640296e-06
1.117924739446607418e-06
1.113635221372533124e-06
1.109386403186363168e-06
1.105153728531149682e-06
1.100857389246812090e-06
1.096657456400862429e-06
1.092442516892333515e-06
1.088250883185537532e-06
1.084027758224692661e-06
1.079850107998936437e-06
1.075685531759518199e-06
1.071537894858920481e-06
1.067453013092745095e-06
1.063403942680452019e-06
1.059286432791850530e-06
1.055164716490253340e-06
1.051118033501552418e-06
1.047012915478262585e-06
1.042951453200657852e-06
1.038869982039614115e-06
1.034912315844849218e-06
1.030908947541320231e-06
1.026890686262049712e-06
1.022787273541325703e-06
1.018946818476251792e-06
1.014796680465224199e-06
1.010995219985488802e-06
1.007055516311083920e-06
1.003150600809021853e-06
9.992388640966964886e-07
9.953761264114291407e-07
9.914740530803101137e-07
9.875548130366951227e-07
9.837848438110086136e-07
9.799075542105128989e-07
9.760593684404739179e-07
9.723471521283499897e-07
9.684389397079939954e-07
9.646370244809077121e-07
9.608040727471234277e-07
9.571056125423638150e-07
9.533198408462340012e-07
9.494839332546689548e-07
9.458830732000933494e-07
9.422061566510819830e-07
9.384314125782111660e-07
9.347576224172371440e-07
9.310687687502650078e-07
9.274661465497047175e-07
9.237446647603064775e-07
9.201786497214925475e-07
9.165320875581528526e-07
9.129009299613244366e-07
9.092946129385381937e-07
9.056174690158513840e-07
9.021382538776379079e-07
8.985519457382906694e-07
8.950181609179708175e-07
8.913760325413022656e-07
8.879306392373109702e-07
8.843964565130590927e-07
8.808829647932725493e-07
8.774777029429969843e-07
8.739263535062491428e-07
8.704471383680356666e-07
8.669953786011319607e-07
8.635512358523556031e-07
8.601131185059784912e-07
8.567146210225473624e-07
8.533464210813690443e-07
8.499142154505534563e-07
8.465020187031768728e-07
8.431244395978865214e-07
8.397981332564086188e-07
8.364838777197292075e-07
8.330789000865479466e-07
8.297427598336071242e-07
8.263695008281501941e-07
8.230653634200280067e-07
8.198086902666545939e-07
8.165277449734276161e-07
8.132997777465789113e-07
8.100305990410561208e-07
8.067803491940139793e-07
8.034714937821263447e-07
8.003348739293869585e-07
7.971095214998058509e-07
7.938843964439001866e-07
7.906634209575713612e-07
7.875314622651785612e-07
7.843192975087731611e-07
7.812725471012527123e-07
7.780295732118247543e-07
7.749440555926412344e-07
7.717768539805547334e-07
7.686712137910944875e-07
7.655376066395547241e-07
7.624525437677220907e-07
7.593964710395084694e-07
7.563581903013982810e-07
7.532689210165699478e-07
7.502226253564003855e-07
7.472428933397168294e-07
7.441918796757818200e-07
7.411687761305074673e-07
7.381729574262863025e-07
7.351126782850769814e-07
7.322005899368377868e-07
7.291909582818334457e-07
7.262700023602519650e-07
7.233453516164445318e-07
7.203575478342827410e-07
7.174322149694489781e-07
7.145365543692605570e-07
7.116643132576427888e-07
7.087392646099033300e-07
7.058522442093817517e-07
7.030100164229224902e-07
7.000955406510911416e-07
6.972586561460047960e-07
6.943403150216909125e-07
6.915597055012767669e-07
6.886946835038543213e-07
6.860240091555169784e-07
6.831575660726230126e-07
6.803331302762671839e-07
6.775605356779124122e-07
6.747681027263752185e-07
6.719943712596432306e-07
6.692409897368634120e-07
6.665389946647337638e-07
6.638144327553163748e-07
6.611065259676252026e-07
6.584105562978948001e-07
6.557578444699174725e-07
6.530314067276776768e-07
6.503360054921358824e-07
6.476279850176069885e-07
6.449712941503094044e-07
6.422962997021386400e-07
6.396980438694299664e-07
6.370457299453846645e-07
6.344565690596937202e-07
6.318142595773679204e-07
6.291904810495907441e-07
6.266632226470392197e-07
6.241060077627480496e-07
6.214829113559972029e-07
6.188670340634416789e-07
6.163307375572912861e-07
6.137930768090882339e-07
6.112143182690488175e-07
6.087273050070507452e-07
6.062336410650459584e-07
6.037080879650602583e-07
6.012216431372507941e-07
5.987233180348994210e-07
5.962531304248841479e-07
5.937677087786141783e-07
5.913454970141174272e-07
5.888966825295938179e-07
5.864105787622975186e-07
5.839943355567811523e-07
5.815505801365361549e-07
5.791787316411500797e-07
5.767684001511952374e-07
5.743453357354155742e-07
5.720490321436955128e-07
5.695623599422106054e-07
5.672746965501573868e-07
5.648513479172834195e-07
5.625381618301616982e-07
5.601983161795942578e-07
5.578992272603500169e-07
5.555287998504354618e-07
5.532076556846732274e-07
5.508657068276079372e-07
5.486165832735423464e-07
5.462828198687930126e-07
5.440548420665436424e-07
5.417287525233405177e-07
5.395058906287886202e-07
5.372590976548963226e-07
5.350642595658428036e-07
5.328233783075120300e-07
5.305583385961654130e-07
5.283295649860519916e-07
5.261683213575452100e-07
5.239373876975150779e-07
5.217822263148264028e-07
5.195576022742898203e-07
5.173804424885020126e-07
5.151962909621943254e-07
5.130963813826383557e-07
5.109424705551646184e-07
5.088184025225928053e-07
5.067117285761923995e-07
5.044948920840397477e-07
5.024272127229778562e-07
5.003002456760441419e-07
4.982544510312436614e-07
4.961647732670826372e-07
4.939919904245471116e-07
4.919681941828457639e-07
4.898650445284147281e-07
4.877867922914447263e-07
4.857800490754016209e-07
4.837327765017107595e-07
4.816689624931314029e-07
4.795984978045453317e-07
4.776309197040973231e-07
4.756414284656784730e-07
4.736257039894553600e-07
4.716512194136157632e-07
4.696389055425242987e-07
4.676522848967579193e-07
4.656591841012414079e-07
4.637703057142061880e-07
4.617934621364838677e-07
4.598435907610110007e-07
4.578880918870709138e-07
4.559528292702452745e-07
4.540495410765288398e-07
4.521065477547381306e-07
4.502123829297488555e-07
4.483239308683550917e-07
4.464395999548287364e-07
4.445681724973837845e-07
4.427074316026846645e-07
4.407926326166489162e-07
4.389261789583542850e-07
4.370635622308327584e-07
4.352494613613089314e-07
4.333412277901516063e-07
4.315694468459696509e-07
4.296892939237295650e-07
4.279008010144025320e-07
4.261410992967284983e-07
4.243185003360849805e-07
4.224980045819393126e-07
4.207150823276606388e-07
4.189628839412762318e-07
4.172283070147386752e-07
4.154243526954815025e-07
4.136385882702597883e-07
4.118997196655982407e-07
4.101683259705168894e-07
4.083726992121228250e-07
4.066965573201741790e-07
4.049269080041995039e-07
4.032679612464562524e-07
4.015025467651867075e-07
3.998101476554438705e-07
3.981120642038149526e-07
3.964154302593669854e-07
3.947893105760158505e-07
3.930515504180220887e-07
3.913877719696756685e-07
3.897344527103996370e-07
3.880837482483912027e-07
3.864362270178389736e-07
3.847875973406189587e-07
3.831667072518030182e-07
3.815871707502083154e-07
3.798886325512285111e-07
3.782959652198769618e-07
3.766741372146498179e-07
3.751005692720355000e-07
3.735072198196576210e-07
3.718844538980192738e-07
3.703325148762814933e-07
3.687742093916313024e-07
3.671640342872706242e-07
3.656287219655496301e-07
3.640456895936949877e-07
3.624997759743564529e-07
3.610067551562679000e-07
3.594876147872128058e-07
3.579116309992969036e-07
3.564189228200120851e-07
3.549330642726999940e-07
3.533937729116587434e-07
3.518807432101311861e-07
3.503713514874107204e-07
3.488613344870827859e-07
3.473643346296739765e-07
3.459173285591532476e-07
3.444152980591752566e-07
3.429543085076147690e-07
3.415152320940251229e-07
3.400516561669064686e-07
3.386250000403379090e-07
3.371632999460416613e-07
3.357242519541614456e-07
3.343347714235278545e-07
3.328743218844465446e-07
3.314401624265883584e-07
3.300418995877407724e-07
3.286595244844647823e-07
3.272918149832548806e-07
3.258649030613014475e-07
3.244809363422973547e-07
3.230894662920036353e-07
3.216590300780808320e-07
3.203111589300533524e-07
3.189830124483705731e-07
3.176322707076906227e-07
3.162535620049311547e-07
3.149495455545547884e-07
3.135635040507622762e-07
3.122651150988531299e-07
3.109042268079065252e-07
3.096022851423185784e-07
3.082781176999560557e-07
3.069733338634250686e-07
3.056823345559678273e-07
3.043293759219523054e-07
3.030619666333222995e-07
3.017728147369780345e-07
3.005030464464653051e-07
2.992023553360922961e-07
2.979390671953296987e-07
2.966936563097988255e-07
2.954268438770668581e-07
2.941696948255412281e-07
2.929283482444589026e-07
2.916934249697078485e-07
2.904129985381587176e-07
2.891973167606920470e-07
2.879674241285101743e-07
2.867500370484776795e-07
2.855147442915040301e-07
2.843524384843476582e-07
2.831384620094468119e-07
2.819103031015401939e-07
2.807125838444335386e-07
2.794874944811454043e-07
2.783113188797869952e-07
2.771163849502045196e-07
2.759614687875000527e-07
2.747818825810099952e-07
2.736917110723879887e-07
2.724596299685799750e-07
2.713279627641895786e-07
2.701612231703620637e-07
2.690092628654383589e-07
2.678555119928205386e-07
2.667702290182205616e-07
2.656126412148296367e-07
2.644588903422118165e-07
2.633699125453858869e-07
2.622455497203191044e-07
2.611187426282413071e-07
2.600316406642377842e-07
2.589247856121801306e-07
2.578381383955274941e-07
2.567507806361390976e-07
2.556424760769004934e-07
2.545840231960028177e-07
2.535161058858648175e-07
2.524656110836076550e-07
2.513612571419798769e-07
2.502943914350908017e-07
2.492557200639566872e-07
2.481542082932719495e-07
2.471452660302020377e-07
2.460801624692976475e-07
2.450304350531951059e-07
2.439863635572692147e-07
2.429719074825698044e-07
2.419245959117688471e-07
2.409417447779560462e-07
2.398809613168850774e-07
2.389165558724926086e-07
2.379275798602975556e-07
2.368889937542917323e-07
2.358939354962785728e-07
2.348957082176639233e-07
2.338884002028862596e-07
2.329401809220144060e-07
2.319412431006639963e-07
2.309923132770563825e-07
2.299928922866456560e-07
2.290499168111637118e-07
2.280944642052418203e-07
2.271121104513440514e-07
2.261677565229547326e-07
2.251909307915411773e-07
2.242935863705497468e-07
2.233310851806891151e-07
2.223823258873380837e-07
2.214435994574159849e-07
2.205211728778522229e-07
2.196293706901997211e-07
2.186902889889097423e-07
2.177893065891112201e-07
2.168578987493674504e-07
2.159851106853238889e-07
2.150518412236124277e-07
2.141541699529625475e-07
2.132791934172928450e-07
2.123916260643454734e-07
2.114766886052166228e-07
2.106037158000617637e-07
2.097073945606098277e-07
2.088640371766814496e-07
2.079822536416031653e-07
2.071247280355237308e-07
2.062174786487958045e-07
2.053833725312870229e-07
2.045241984660606249e-07
2.036520214687698171e-07
2.028523908848001156e-07
