1.170282717794179916e-02
1.102734450250864029e-02
9.895887225866317749e-03
8.098826743662357330e-03
6.054131779819726944e-03
3.601884003728628159e-03
2.789446152746677399e-03
1.988426782190799713e-03
1.657074084505438805e-03
1.383724156767129898e-03
9.462195448577404022e-04
4.238749970681965351e-04
2.124249876942485571e-04
8.228640945162624121e-05
7.320172153413295746e-05
5.387777855503372848e-05
4.673512739827856421e-05
3.961503534810617566e-05
3.490675953798927367e-05
2.943676736322231591e-05
2.711031993385404348e-05
2.425915954518131912e-05
2.067048080789390951e-05
1.812075061025097966e-05
1.675005842116661370e-05
1.472135227231774479e-05
1.354521646135253832e-05
1.171685380541021004e-05
1.033864555211039260e-05
8.408767826040275395e-06
7.400033609883394092e-06
6.177668637974420562e-06
5.544402938539860770e-06
4.739084488392109051e-06
4.320459993323311210e-06
3.720608447110862471e-06
3.400265313757699914e-06
2.970439936689217575e-06
2.724131718423450366e-06
2.408794898656196892e-06
2.239879904664121568e-06
2.024972900471766479e-06
1.905896965581632685e-06
1.748818590385781135e-06
1.659185841162980068e-06
1.534722287033218890e-06
1.462720547351636924e-06
1.363751835015136749e-06
1.303149588238738943e-06
1.216412897520058323e-06
1.159462385658116546e-06
1.074548208634951152e-06
1.017384647639119066e-06
9.340920996692148037e-07
8.834167033455742057e-07
8.144673415699799079e-07
7.756313493700872641e-07
7.237662202896899544e-07
6.947759629838401452e-07
6.563170131812512409e-07
6.347085559355036821e-07
6.050927368050906807e-07
5.872651058780320454e-07
5.626167762784461956e-07
5.466673087539675180e-07
5.235508524492615834e-07
5.091862362860410940e-07
4.888922831014497206e-07
